  This is an REML analysis.
1is fixed effect number1of factor 1
2is fixed effect number2of factor 1
3is fixed effect number3of factor 1
Loc ID   ID  Father Mother NPS  NMS  Famid       Observations  
    1    1    407    453    2    4    1    4.89   24.67   24.67  -30.91
    2    2    407    454    3    6    1    3.00   22.44   22.44  -30.61
    3    3    407    455    4    5    1   40.50   25.26   25.26  -30.24
    4    4    407    453    5    9    1   11.65   25.23   25.23  -30.62
    5    5    407    455    6    8    1   44.00   20.67   20.67  -30.78
    6    6    407    454    7    7    1    7.00   24.59   24.59  -30.41
    7    7    407    454    8    0    1   41.00   26.46   26.46  -30.07
    8    8    407    455    9    0    1    0.00   23.85   23.85  -99.00
    9    9    407    453    0    0    1    4.21   23.19   23.19  -30.63
   10   10    408    456   11   13    2    2.40   25.65   25.65  -30.67
   11   11    408    457   12   15    2    5.00   26.36   26.36  -30.98
   12   12    408    458   13   14    2    8.00   20.63   20.63  -31.76
   13   13    408    456   14   17    2   14.00   21.81   21.81  -31.10
   14   14    408    458   15   16    2   48.88   19.85   19.85  -31.72
   15   15    408    457   16   18    2  -99.00   18.79   18.79  -99.00
   16   16    408    458   17    0    2    0.00   23.15   23.15  -99.00
   17   17    408    456   18    0    2   22.50   20.25   20.25  -30.93
   18   18    408    457    0    0    2    1.13   20.47   20.47  -31.20
   19   19    409    459   20   22    3    0.00   20.47   20.47  -30.57
   20   20    409    460   21   24    3    0.00   19.51   19.51  -31.20
   21   21    409    461   22   23    3    0.00   19.50   19.50  -30.90
   22   22    409    459   23   27    3   14.00   22.57   22.57  -31.61
   23   23    409    461   24   25    3   10.00   18.81   18.81  -32.32
   24   24    409    460   25   26    3    8.00   16.76   16.76  -30.90
   25   25    409    461   26    0    3   45.22   23.20   23.20  -31.59
   26   26    409    460   27    0    3    4.57   20.14   20.14  -30.49
   27   27    409    459    0    0    3    1.14   22.12   22.12  -31.65
   28   28    410    462   29   31    4   11.39   22.03   22.03  -29.94
   29   29    410    463   30   32    4    6.00   25.40   25.40  -29.92
   30   30    410    464   31   33    4    0.00   26.41   26.41  -30.67
   31   31    410    462   32   34    4    0.00   21.82   21.82  -31.78
   32   32    410    463   33   36    4    0.00   25.30   25.30  -99.00
   33   33    410    464   34   35    4    1.00   18.33   18.33  -30.63
   34   34    410    462   35    0    4    0.00   18.71   18.71  -30.04
   35   35    410    464   36    0    4    2.33   25.37   25.37  -29.76
   36   36    410    463    0    0    4   33.00   22.71   22.71  -30.68
   37   37    411    465   38   41    5   31.07   24.90   24.90  -31.22
   38   38    411    466   39   40    5    0.00   16.11   16.11  -31.47
   39   39    411    467   40   42    5    7.00   21.22   21.22  -30.27
   40   40    411    466   41   44    5    4.00   22.31   22.31  -31.66
   41   41    411    465   42   43    5   31.00   24.10   24.10  -32.45
   42   42    411    467   43   45    5   23.00   24.71   24.71  -31.17
   43   43    411    465   44    0    5   84.64   27.06   27.06  -31.15
   44   44    411    466   45    0    5    4.00   17.09   17.09  -31.26
   45   45    411    467    0    0    5   21.43   23.99   23.99  -30.45
   46   46    412    468   47   51    6   75.65   23.74   23.74  -30.13
   47   47    412    469   48   50    6   11.00   19.64   19.64  -30.93
   48   48    412    470   49   49    6    5.23   25.02   25.02  -30.60
   49   49    412    470   50   53    6    4.00   23.61   23.61  -31.52
   50   50    412    469   51   54    6    1.20   20.33   20.33  -31.28
   51   51    412    468   52   52    6    0.00   18.37   18.37  -30.50
   52   52    412    468   53    0    6   55.21   21.56   21.56  -31.09
   53   53    412    470   54    0    6    4.00   18.80   18.80  -30.83
   54   54    412    469    0    0    6   17.00   19.53   19.53  -30.16
   55   55    413    471   56   59    7    1.00   25.39   25.39  -31.23
   56   56    413    472   57   58    7   77.95   22.75   22.75  -31.21
   57   57    413    473   58   60    7   11.33   18.13   18.13  -31.41
   58   58    413    472   59   62    7    7.00   25.31   25.31  -31.27
   59   59    413    471   60   61    7   55.71   21.49   21.49  -31.06
   60   60    413    473   61   63    7    0.00   21.43   21.43  -99.00
   61   61    413    471   62    0    7   25.60   17.94   17.94  -30.28
   62   62    413    472   63    0    7   12.10   21.99   21.99  -31.25
   63   63    413    473    0    0    7   65.57   23.65   23.65  -30.96
   64   64    414    474   65   68    8   10.29   24.51   24.51  -30.99
   65   65    414    475   66   69    8    8.00   23.79   23.79  -29.81
   66   66    414    476   67   67    8   11.43   21.00   21.00  -30.27
   67   67    414    476   68   70    8   12.00   24.39   24.39  -30.85
   68   68    414    474   69   71    8   29.00   24.24   24.24  -30.40
   69   69    414    475   70   72    8    2.00   17.07   17.07  -99.00
   70   70    414    476   71    0    8    0.00   21.67   21.67  -99.00
   71   71    414    474   72    0    8    8.00   19.85   19.85  -30.60
   72   72    414    475    0    0    8    2.00   23.03   23.03  -30.71
   73   73    415    477   74   77    9   16.00   19.17   19.17  -31.63
   74   74    415    478   75   78    9   39.10   22.66   22.66  -30.71
   75   75    415    479   76   76    9    6.00   22.61   22.61  -30.60
   76   76    415    479   77   80    9    6.00   20.84   20.84  -32.30
   77   77    415    477   78   81    9   11.00   22.05   22.05  -31.52
   78   78    415    478   79   79    9    9.82   20.26   20.26  -30.81
   79   79    415    478   80    0    9   19.00   23.60   23.60  -30.77
   80   80    415    479   81    0    9    1.00   25.65   25.65  -30.71
   81   81    415    477    0    0    9   74.06   22.00   22.00  -30.40
   82   82    416    480   83   86   10    2.00   21.55   21.55  -30.87
   83   83    416    481   84   85   10    3.00   24.14   24.14  -99.00
   84   84    416    482   85   87   10   18.72   25.14   25.14  -29.84
   85   85    416    481   86   88   10    0.00   20.11   20.11  -99.00
   86   86    416    480   87   89   10   11.00   22.11   22.11  -99.00
   87   87    416    482   88   90   10    2.53   22.89   22.89  -29.34
   88   88    416    481   89    0   10    3.67   22.52   22.52  -30.23
   89   89    416    480   90    0   10    0.00   20.47   20.47  -99.00
   90   90    416    482    0    0   10    8.33   20.66   20.66  -99.00
   91   91    417    483   92   94   11   18.60   24.09   24.09  -99.00
   92   92    417    484   93   96   11   18.00   24.22   24.22  -30.93
   93   93    417    485   94   95   11   56.77   14.97   14.97  -30.96
   94   94    417    483   95   97   11   57.27   24.29   24.29  -31.68
   95   95    417    485   96   98   11    2.14   26.22   26.22  -30.98
   96   96    417    484   97   99   11    7.71   23.86   23.86  -30.98
   97   97    417    483   98    0   11  156.00   24.45   24.45  -30.77
   98   98    417    485   99    0   11   10.00   22.31   22.31  -29.31
   99   99    417    484    0    0   11   22.50   24.32   24.32  -30.63
  100  100    418    486  101  105   12   85.09   20.48   20.48  -29.20
  101  101    418    487  102  103   12    3.00   19.90   19.90  -32.14
  102  102    418    488  103  104   12    0.00   21.77   21.77  -99.00
  103  103    418    487  104  106   12   12.00   20.53   20.53  -30.77
  104  104    418    488  105  108   12    4.00   23.11   23.11  -31.01
  105  105    418    486  106  107   12   19.62   22.93   22.93  -29.78
  106  106    418    487  107    0   12   49.69  -99.00  -99.00  -29.60
  107  107    418    486  108    0   12   11.67   25.50   25.50  -29.73
  108  108    418    488    0    0   12   41.23   23.09   23.09  -30.42
  109  109    419    489  110  112   13   21.00   19.13   19.13  -31.08
  110  110    419    490  111  114   13   11.00   26.03   26.03  -31.54
  111  111    419    491  112  113   13   24.12   17.90   17.90  -31.62
  112  112    419    489  113  117   13    1.00   23.83   23.83  -30.66
  113  113    419    491  114  115   13    7.00   18.36   18.36  -32.16
  114  114    419    490  115  116   13    0.00   19.79   19.79  -99.00
  115  115    419    491  116    0   13   27.31   23.65   23.65  -30.51
  116  116    419    490  117    0   13   28.00   16.32   16.32  -31.36
  117  117    419    489    0    0   13   10.00   22.93   22.93  -30.40
  118  118    420    492  119  121   14   28.95   23.06   23.06  -30.93
  119  119    420    493  120  122   14    5.00   27.04   27.04  -30.55
  120  120    420    494  121  123   14   11.00   27.05   27.05  -30.68
  121  121    420    492  122  124   14    0.00   22.97   22.97  -99.00
  122  122    420    493  123  126   14   13.71   21.99   21.99  -31.25
  123  123    420    494  124  125   14   44.20  -99.00  -99.00  -31.01
  124  124    420    492  125    0   14   12.71   23.66   23.66  -31.02
  125  125    420    494  126    0   14    4.33   25.40   25.40  -30.87
  126  126    420    493    0    0   14   27.38   24.18   24.18  -99.00
  127  127    421    495  128  132   15   26.00   20.43   20.43  -30.20
  128  128    421    496  129  130   15    0.00   23.03   23.03  -99.00
  129  129    421    497  130  131   15   12.00   18.32   18.32  -30.47
  130  130    421    496  131  133   15    0.00   24.48   24.48  -30.96
  131  131    421    497  132  135   15    7.00  -99.00  -99.00  -30.25
  132  132    421    495  133  134   15    2.00   17.25   17.25  -99.00
  133  133    421    496  134    0   15   77.17  -99.00  -99.00  -29.05
  134  134    421    495  135    0   15    8.00   17.55   17.55  -99.00
  135  135    421    497    0    0   15   60.15   18.91   18.91  -30.07
  136  136    422    498  137  141   16    6.88   23.45   23.45  -30.28
  137  137    422    499  138  139   16   14.00   23.55   23.55  -30.00
  138  138    422    500  139  140   16    4.00   21.06   21.06  -29.54
  139  139    422    499  140  144   16   25.56   25.11   25.11  -30.03
  140  140    422    500  141  143   16    6.00   21.57   21.57  -30.16
  141  141    422    498  142  142   16   15.00   25.48   25.48  -30.01
  142  142    422    498  143    0   16   23.29  -99.00  -99.00  -30.56
  143  143    422    500  144    0   16   22.00   25.64   25.64  -30.09
  144  144    422    499    0    0   16    1.50   19.44   19.44  -29.87
  145  145    423    501  146  150   17    0.00   23.01   23.01  -30.33
  146  146    423    502  147  149   17    1.56   21.55   21.55  -29.61
  147  147    423    503  148  148   17    1.00   15.73   15.73  -30.94
  148  148    423    503  149  151   17    0.00   16.58   16.58  -31.02
  149  149    423    502  150  152   17    3.21   19.72   19.72  -29.54
  150  150    423    501  151  153   17   21.90   22.16   22.16  -31.11
  151  151    423    503  152    0   17   24.64   21.81   21.81  -31.07
  152  152    423    502  153    0   17    4.00   25.64   25.64  -30.28
  153  153    423    501    0    0   17   10.00   22.24   22.24  -31.46
  154  154    424    504  155  158   18   36.00   17.89   17.89  -31.84
  155  155    424    505  156  159   18   26.60   21.54   21.54  -30.22
  156  156    424    506  157  157   18    0.00   22.12   22.12  -31.62
  157  157    424    506  158  161   18    1.20   21.79   21.79  -31.47
  158  158    424    504  159  162   18   18.21   24.30   24.30  -31.87
  159  159    424    505  160  160   18   67.39   20.75   20.75  -30.96
  160  160    424    505  161    0   18    7.86   26.40   26.40  -29.86
  161  161    424    506  162    0   18   28.00   23.15   23.15  -31.44
  162  162    424    504    0    0   18    0.00   19.84   19.84  -99.00
  163  163    425    507  164  167   19    7.00   20.99   20.99  -30.91
  164  164    425    508  165  168   19   17.00   25.15   25.15  -30.87
  165  165    425    509  166  166   19   21.00   16.74   16.74  -28.59
  166  166    425    509  167  169   19    1.33   19.18   19.18  -31.55
  167  167    425    507  168  171   19    7.00   20.54   20.54  -99.00
  168  168    425    508  169  170   19   34.44   22.81   22.81  -30.49
  169  169    425    509  170    0   19    3.00   16.62   16.62  -30.88
  170  170    425    508  171    0   19   26.18   22.07   22.07  -30.76
  171  171    425    507    0    0   19    0.00   24.14   24.14  -99.00
  172  172    426    510  173  176   20   12.57   12.24   12.24  -31.27
  173  173    426    511  174  177   20    5.00   19.94   19.94  -30.10
  174  174    426    512  175  175   20    0.00   20.14   20.14  -29.96
  175  175    426    512  176  178   20    0.00   14.54   14.54  -99.00
  176  176    426    510  177  180   20   22.00   22.45   22.45  -31.42
  177  177    426    511  178  179   20    0.00   20.58   20.58  -31.62
  178  178    426    512  179    0   20   38.00   22.46   22.46  -31.26
  179  179    426    511  180    0   20    7.00   25.10   25.10  -30.60
  180  180    426    510    0    0   20   30.00   23.47   23.47  -31.75
  181  181    427    513  182  185   21   37.00   24.48   24.48  -31.13
  182  182    427    514  183  184   21   20.22   20.09   20.09  -30.93
  183  183    427    515  184  186   21    0.00   20.32   20.32  -31.22
  184  184    427    514  185  187   21    9.00   26.87   26.87  -31.34
  185  185    427    513  186  188   21   17.00   24.26   24.26  -31.75
  186  186    427    515  187  189   21    8.70   24.63   24.63  -30.83
  187  187    427    514  188    0   21   70.42   27.81   27.81  -30.30
  188  188    427    513  189    0   21   27.78   24.18   24.18  -30.79
  189  189    427    515    0    0   21   10.00   24.09   24.09  -30.03
  190  190    428    516  191  195   22    7.33   22.40   22.40  -30.25
  191  191    428    517  192  193   22    7.00   22.18   22.18  -30.79
  192  192    428    518  193  194   22   11.00   25.62   25.62  -30.00
  193  193    428    517  194  197   22   21.33   19.29   19.29  -31.23
  194  194    428    518  195  198   22    0.00   26.20   26.20  -99.00
  195  195    428    516  196  196   22    0.00   21.07   21.07  -30.36
  196  196    428    516  197    0   22   17.00   24.38   24.38  -99.00
  197  197    428    517  198    0   22   57.14   21.75   21.75  -30.77
  198  198    428    518    0    0   22   36.00   21.92   21.92  -30.50
  199  199    429    519  200  204   23    1.00   20.48   20.48  -31.91
  200  200    429    520  201  202   23   16.25   25.64   25.64  -30.87
  201  201    429    521  202  203   23    4.67   19.68   19.68  -31.86
  202  202    429    520  203  205   23    0.00   21.93   21.93  -99.00
  203  203    429    521  204  207   23    3.00   27.64   27.64  -31.33
  204  204    429    519  205  206   23    6.00   26.75   26.75  -31.14
  205  205    429    520  206    0   23   28.00   22.83   22.83  -31.11
  206  206    429    519  207    0   23    4.89   20.25   20.25  -30.00
  207  207    429    521    0    0   23    4.00   20.28   20.28  -30.80
  208  208    430    522  209  213   24   17.33   18.45   18.45  -99.00
  209  209    430    523  210  212   24  121.79   21.96   21.96  -30.54
  210  210    430    524  211  211   24   16.25   24.15   24.15  -30.99
  211  211    430    524  212  214   24    4.40  -99.00  -99.00  -30.78
  212  212    430    523  213  215   24    5.00   22.98   22.98  -31.08
  213  213    430    522  214  216   24    3.00   24.70   24.70  -30.22
  214  214    430    524  215    0   24   57.52   18.96   18.96  -30.35
  215  215    430    523  216    0   24    0.00   26.10   26.10  -99.00
  216  216    430    522    0    0   24   43.00  -99.00  -99.00  -31.17
  217  217    431    525  218  219   25   45.82   23.62   23.62  -31.53
  218  218    431    526  219  220   25    4.00   23.27   23.27  -31.06
  219  219    431    525  220  221   25    6.00   20.26   20.26  -31.91
  220  220    431    526  221  222   25    0.00   18.36   18.36  -31.49
  221  221    431    525  222    0   25    6.00   19.62   19.62  -29.85
  222  222    431    526    0    0   25   14.40   19.86   19.86  -30.33
  223  223    432    527  224  227   26    6.38   20.16   20.16  -31.02
  224  224    432    528  225  228   26    6.00   22.96   22.96  -30.91
  225  225    432    529  226  226   26    4.00   20.66   20.66  -30.86
  226  226    432    529  227  230   26    8.00   18.43   18.43  -31.43
  227  227    432    527  228  229   26    0.00   22.78   22.78  -99.00
  228  228    432    528  229  231   26   13.81   17.59   17.59  -31.56
  229  229    432    527  230    0   26   31.23   17.32   17.32  -30.50
  230  230    432    529  231    0   26    4.57   18.54   18.54  -31.26
  231  231    432    528    0    0   26   30.33   20.86   20.86  -31.15
  232  232    433    530  233  235   27   84.33   14.89   14.89  -30.84
  233  233    433    531  234  236   27   20.00   15.99   15.99  -29.54
  234  234    433    532  235  237   27   69.00   19.96   19.96  -30.73
  235  235    433    530  236  240   27    3.75   22.48   22.48  -30.54
  236  236    433    531  237  239   27   16.00   25.89   25.89  -31.07
  237  237    433    532  238  238   27    6.00   20.60   20.60  -31.89
  238  238    433    532  239    0   27    6.00   18.50   18.50  -31.13
  239  239    433    531  240    0   27    0.00   23.71   23.71  -31.32
  240  240    433    530    0    0   27    0.00   20.10   20.10  -99.00
  241  241    434    533  242  243   28  -99.00   19.27   19.27  -31.33
  242  242    434    534  243  245   28    7.88   20.54   20.54  -29.91
  243  243    434    533  244  248   28    0.00   17.01   17.01  -31.27
  244  244    434    535  245  247   28    1.00   20.42   20.42  -31.47
  245  245    434    534  246  246   28    0.00   27.73   27.73  -99.00
  246  246    434    534  247    0   28    5.33  -99.00  -99.00  -29.72
  247  247    434    535  248    0   28   25.85   21.47   21.47  -30.67
  248  248    434    533    0    0   28   17.33   21.17   21.17  -30.70
  249  249    435    536  250  254   29    4.00   16.46   16.46  -29.55
  250  250    435    537  251  253   29    0.00   17.84   17.84  -29.12
  251  251    435    538  252  252   29   38.40   20.45   20.45  -29.70
  252  252    435    538  253  255   29   42.00   23.37   23.37  -30.51
  253  253    435    537  254  256   29   20.80   22.57   22.57  -30.22
  254  254    435    536  255  257   29   20.78   24.44   24.44  -30.51
  255  255    435    538  256    0   29   13.20   18.35   18.35  -30.17
  256  256    435    537  257    0   29    0.00   18.98   18.98  -99.00
  257  257    435    536    0    0   29   15.27   22.01   22.01  -30.67
  258  258    436    539  259  263   30   12.00   23.13   23.13  -30.91
  259  259    436    540  260  262   30   34.00   26.50   26.50  -31.65
  260  260    436    541  261  261   30    7.14   23.83   23.83  -30.78
  261  261    436    541  262  265   30    6.00   21.21   21.21  -31.30
  262  262    436    540  263  266   30    4.31   23.77   23.77  -32.09
  263  263    436    539  264  264   30   23.14  -99.00  -99.00  -31.27
  264  264    436    539  265    0   30   45.24   26.50   26.50  -30.71
  265  265    436    541  266    0   30    0.00   23.89   23.89  -30.97
  266  266    436    540    0    0   30    9.00   23.89   23.89  -30.81
  267  267    437    542  268  270   31   31.08   24.19   24.19  -29.51
  268  268    437    543  269  272   31   23.83   18.33   18.33  -29.81
  269  269    437    544  270  271   31    8.08   21.17   21.17  -29.91
  270  270    437    542  271  275   31    3.00   17.71   17.71  -31.50
  271  271    437    544  272  273   31    9.50   21.34   21.34  -30.25
  272  272    437    543  273  274   31    0.00   20.83   20.83  -31.46
  273  273    437    544  274    0   31    0.00   23.03   23.03  -99.00
  274  274    437    543  275    0   31   12.57   25.07   25.07  -29.36
  275  275    437    542    0    0   31   22.67   20.07   20.07  -29.29
  276  276    438    545  277  281   32    5.00   19.16   19.16  -30.23
  277  277    438    546  278  279   32   15.27   22.10   22.10  -29.81
  278  278    438    547  279  280   32    9.00   18.11   18.11  -30.17
  279  279    438    546  280  284   32   68.46   24.39   24.39  -28.98
  280  280    438    547  281  283   32    0.00  -99.00  -99.00  -30.51
  281  281    438    545  282  282   32   16.00   22.28   22.28  -31.66
  282  282    438    545  283    0   32   28.00   23.17   23.17  -30.57
  283  283    438    547  284    0   32    8.40   18.07   18.07  -30.70
  284  284    438    546    0    0   32   21.00   25.68   25.68  -30.07
  285  285    439    548  286  288   33   10.29   22.21   22.21  -30.01
  286  286    439    549  287  290   33    5.00  -99.00  -99.00  -31.52
  287  287    439    550  288  289   33   51.00   21.95   21.95  -31.16
  288  288    439    548  289  292   33   11.00   22.59   22.59  -30.99
  289  289    439    550  290  291   33   29.00   22.12   22.12  -31.25
  290  290    439    549  291  293   33    1.00   25.49   25.49  -31.06
  291  291    439    550  292    0   33   13.93   19.07   19.07  -30.93
  292  292    439    548  293    0   33    0.00   18.96   18.96  -31.54
  293  293    439    549    0    0   33   38.24   24.02   24.02  -29.74
  294  294    440    551  295  297   34    8.00   20.48   20.48  -31.24
  295  295    440    552  296  299   34    7.00   23.63   23.63  -30.75
  296  296    440    553  297  298   34   24.00   21.40   21.40  -31.07
  297  297    440    551  298  302   34    7.00   20.21   20.21  -99.00
  298  298    440    553  299  301   34   24.21   23.26   23.26  -30.42
  299  299    440    552  300  300   34    4.00   20.46   20.46  -31.18
  300  300    440    552  301    0   34    0.00   22.76   22.76  -99.00
  301  301    440    553  302    0   34   27.43   22.95   22.95  -29.93
  302  302    440    551    0    0   34   34.00   25.13   25.13  -30.01
  303  303    441    554  304  305   35   25.00  -99.00  -99.00  -30.62
  304  304    441    555  305  306   35   15.00   15.72   15.72  -30.55
  305  305    441    554  306  308   35   15.00   22.25   22.25  -30.63
  306  306    441    555  307  309   35    0.00   20.60   20.60  -31.47
  307  307    441    556  308    0   35   11.57   23.04   23.04  -30.23
  308  308    441    554  309    0   35  147.28   22.33   22.33  -99.00
  309  309    441    555    0    0   35    5.00   20.44   20.44  -31.24
  310  310    442    557  311  314   36    6.00   26.32   26.32  -31.20
  311  311    442    558  312  313   36   49.00   26.86   26.86  -31.48
  312  312    442    559  313  315   36    4.00   23.41   23.41  -99.00
  313  313    442    558  314  317   36    1.00   20.23   20.23  -99.00
  314  314    442    557  315  318   36    7.50   24.33   24.33  -31.26
  315  315    442    559  316  316   36    9.90   27.20   27.20  -32.10
  316  316    442    559  317    0   36   56.00   21.06   21.06  -30.64
  317  317    442    558  318    0   36   49.08   25.25   25.25  -30.28
  318  318    442    557    0    0   36   27.50   26.11   26.11  -29.12
  319  319    443    560  320  322   37   28.00   19.99   19.99  -30.49
  320  320    443    561  321  324   37    0.00   24.88   24.88  -99.00
  321  321    443    562  322  323   37    9.00   16.07   16.07  -29.75
  322  322    443    560  323  325   37    7.00   21.73   21.73  -29.74
  323  323    443    562  324  326   37    4.00  -99.00  -99.00  -29.54
  324  324    443    561  325    0   37    0.00  -99.00  -99.00  -30.20
  325  325    443    560  326    0   37    2.50   17.01   17.01  -30.96
  326  326    443    562    0    0   37    5.00   21.97   21.97  -99.00
  327  327    444    563  328  330   38   48.72   23.84   23.84  -30.21
  328  328    444    564  329  332   38    8.00   24.95   24.95  -99.00
  329  329    444    565  330  331   38   25.85   21.34   21.34  -30.50
  330  330    444    563  331  333   38    9.00   18.18   18.18  -30.26
  331  331    444    565  332  334   38    5.38   18.81   18.81  -32.13
  332  332    444    564  333  335   38  174.00   25.21   25.21  -31.04
  333  333    444    563  334    0   38   43.00   22.54   22.54  -99.00
  334  334    444    565  335    0   38    4.00   25.30   25.30  -31.21
  335  335    444    564    0    0   38   60.00   26.98   26.98  -30.56
  336  336    445    566  337  340   39    2.40   18.03   18.03  -31.10
  337  337    445    567  338  341   39   16.71   19.41   19.41  -31.39
  338  338    445    568  339  339   39   21.00   21.61   21.61  -30.03
  339  339    445    568  340  343   39    1.00   21.14   21.14  -99.00
  340  340    445    566  341  342   39   31.50   24.56   24.56  -30.65
  341  341    445    567  342  344   39   86.32   21.77   21.77  -30.42
  342  342    445    566  343    0   39   45.00   24.32   24.32  -30.54
  343  343    445    568  344    0   39    0.00   18.03   18.03  -31.98
  344  344    445    567    0    0   39    6.00   19.86   19.86  -30.21
  345  345    446    569  346  349   40    5.00   23.51   23.51  -30.59
  346  346    446    570  347  348   40    0.00   20.84   20.84  -30.62
  347  347    446    571  348  350   40   14.00   22.90   22.90  -30.94
  348  348    446    570  349  353   40   27.00   19.33   19.33  -30.42
  349  349    446    569  350  351   40   15.00   23.50   23.50  -31.63
  350  350    446    571  351  352   40   15.08   21.64   21.64  -30.82
  351  351    446    569  352    0   40    7.88  -99.00  -99.00  -30.27
  352  352    446    571  353    0   40   65.17   24.90   24.90  -30.39
  353  353    446    570    0    0   40   16.36   20.88   20.88  -30.95
  354  354    447    572  355  358   41   62.00   22.91   22.91  -31.51
  355  355    447    573  356  359   41    0.00   23.37   23.37  -99.00
  356  356    447    574  357  357   41    2.00   23.34   23.34  -31.04
  357  357    447    574  358  360   41    6.00   22.80   22.80  -32.60
  358  358    447    572  359  361   41   15.00   22.88   22.88  -31.65
  359  359    447    573  360  362   41   59.40   22.42   22.42  -31.62
  360  360    447    574  361    0   41   55.53   12.51   12.51  -31.57
  361  361    447    572  362    0   41   29.00   23.53   23.53  -31.42
  362  362    447    573    0    0   41   14.00   25.96   25.96  -99.00
  363  363    448    575  364  366   42    9.00   21.01   21.01  -30.99
  364  364    448    576  365  367   42    7.00   21.90   21.90  -30.77
  365  365    448    577  366  368   42   21.90   26.31   26.31  -30.36
  366  366    448    575  367  371   42   25.09   25.30   25.30  -30.68
  367  367    448    576  368  369   42   14.00   18.29   18.29  -31.45
  368  368    448    577  369  370   42    3.00   13.79   13.79  -30.39
  369  369    448    576  370    0   42  209.54   24.47   24.47  -29.62
  370  370    448    577  371    0   42    6.00   23.20   23.20  -31.08
  371  371    448    575    0    0   42    0.00   17.32   17.32  -30.25
  372  372    449    578  373  377   43    0.00   23.41   23.41  -99.00
  373  373    449    579  374  376   43    0.00   19.76   19.76  -30.27
  374  374    449    580  375  375   43   11.67   19.18   19.18  -30.94
  375  375    449    580  376  379   43    4.00   21.79   21.79  -31.98
  376  376    449    579  377  378   43    6.00   18.54   18.54  -30.49
  377  377    449    578  378  380   43    0.00   23.76   23.76  -99.00
  378  378    449    579  379    0   43    2.71   23.06   23.06  -29.81
  379  379    449    580  380    0   43   11.11   21.84   21.84  -29.55
  380  380    449    578    0    0   43   32.00   22.21   22.21  -29.39
  381  381    450    581  382  386   44    7.00   22.49   22.49  -31.47
  382  382    450    582  383  384   44    8.00   22.12   22.12  -30.76
  383  383    450    583  384  385   44    4.00   22.08   22.08  -31.40
  384  384    450    582  385  389   44   16.00   22.51   22.51  -31.59
  385  385    450    583  386  388   44    0.00   19.36   19.36  -99.00
  386  386    450    581  387  387   44    2.50   19.01   19.01  -31.31
  387  387    450    581  388    0   44    1.33  -99.00  -99.00  -31.13
  388  388    450    583  389    0   44    7.71   25.19   25.19  -31.44
  389  389    450    582    0    0   44   30.81   22.74   22.74  -31.20
  390  390    451    584  391  395   45   11.00   19.28   19.28  -29.64
  391  391    451    585  392  393   45   57.24   23.47   23.47  -30.44
  392  392    451    586  393  394   45    6.00   24.78   24.78  -30.25
  393  393    451    585  394  398   45   13.20  -99.00  -99.00  -29.97
  394  394    451    586  395  396   45    1.00   21.82   21.82  -99.00
  395  395    451    584  396  397   45    8.00   17.76   17.76  -99.00
  396  396    451    586  397    0   45    4.00   21.20   21.20  -99.00
  397  397    451    584  398    0   45    5.00   22.51   22.51  -31.05
  398  398    451    585    0    0   45   63.15   20.69   20.69  -31.18
  399  399    452    587  400  404   46    1.50   17.53   17.53  -31.31
  400  400    452    588  401  402   46    2.00   22.25   22.25  -31.56
  401  401    452    589  402  403   46   17.11   19.34   19.34  -31.67
  402  402    452    588  403  405   46    0.00  -99.00  -99.00  -99.00
  403  403    452    589  404  406   46   10.50   26.11   26.11  -29.85
  404  404    452    587  405    0   46  -99.00   22.05   22.05  -32.33
  405  405    452    588  406    0   46   15.00   26.17   26.17  -30.36
  406  406    452    589    0    0   46   10.89   22.74   22.74  -30.07
  407  407      0      0    0    0    1  -99.00  -99.00  -99.00  -99.00
  408  408      0      0    0    0    2  -99.00  -99.00  -99.00  -99.00
  409  409      0      0    0    0    3  -99.00  -99.00  -99.00  -99.00
  410  410      0      0    0    0    4  -99.00  -99.00  -99.00  -99.00
  411  411      0      0    0    0    5  -99.00  -99.00  -99.00  -99.00
  412  412      0      0    0    0    6  -99.00  -99.00  -99.00  -99.00
  413  413      0      0    0    0    7  -99.00  -99.00  -99.00  -99.00
  414  414      0      0    0    0    8  -99.00  -99.00  -99.00  -99.00
  415  415      0      0    0    0    9  -99.00  -99.00  -99.00  -99.00
  416  416      0      0    0    0   10  -99.00  -99.00  -99.00  -99.00
  417  417      0      0    0    0   11  -99.00  -99.00  -99.00  -99.00
  418  418      0      0    0    0   12  -99.00  -99.00  -99.00  -99.00
  419  419      0      0    0    0   13  -99.00  -99.00  -99.00  -99.00
  420  420      0      0    0    0   14  -99.00  -99.00  -99.00  -99.00
  421  421      0      0    0    0   15  -99.00  -99.00  -99.00  -99.00
  422  422      0      0    0    0   16  -99.00  -99.00  -99.00  -99.00
  423  423      0      0    0    0   17  -99.00  -99.00  -99.00  -99.00
  424  424      0      0    0    0   18  -99.00  -99.00  -99.00  -99.00
  425  425      0      0    0    0   19  -99.00  -99.00  -99.00  -99.00
  426  426      0      0    0    0   20  -99.00  -99.00  -99.00  -99.00
  427  427      0      0    0    0   21  -99.00  -99.00  -99.00  -99.00
  428  428      0      0    0    0   22  -99.00  -99.00  -99.00  -99.00
  429  429      0      0    0    0   23  -99.00  -99.00  -99.00  -99.00
  430  430      0      0    0    0   24  -99.00  -99.00  -99.00  -99.00
  431  431      0      0    0    0   25  -99.00  -99.00  -99.00  -99.00
  432  432      0      0    0    0   26  -99.00  -99.00  -99.00  -99.00
  433  433      0      0    0    0   27  -99.00  -99.00  -99.00  -99.00
  434  434      0      0    0    0   28  -99.00  -99.00  -99.00  -99.00
  435  435      0      0    0    0   29  -99.00  -99.00  -99.00  -99.00
  436  436      0      0    0    0   30  -99.00  -99.00  -99.00  -99.00
  437  437      0      0    0    0   31  -99.00  -99.00  -99.00  -99.00
  438  438      0      0    0    0   32  -99.00  -99.00  -99.00  -99.00
  439  439      0      0    0    0   33  -99.00  -99.00  -99.00  -99.00
  440  440      0      0    0    0   34  -99.00  -99.00  -99.00  -99.00
  441  441      0      0    0    0   35  -99.00  -99.00  -99.00  -99.00
  442  442      0      0    0    0   36  -99.00  -99.00  -99.00  -99.00
  443  443      0      0    0    0   37  -99.00  -99.00  -99.00  -99.00
  444  444      0      0    0    0   38  -99.00  -99.00  -99.00  -99.00
  445  445      0      0    0    0   39  -99.00  -99.00  -99.00  -99.00
  446  446      0      0    0    0   40  -99.00  -99.00  -99.00  -99.00
  447  447      0      0    0    0   41  -99.00  -99.00  -99.00  -99.00
  448  448      0      0    0    0   42  -99.00  -99.00  -99.00  -99.00
  449  449      0      0    0    0   43  -99.00  -99.00  -99.00  -99.00
  450  450      0      0    0    0   44  -99.00  -99.00  -99.00  -99.00
  451  451      0      0    0    0   45  -99.00  -99.00  -99.00  -99.00
  452  452      0      0    0    0   46  -99.00  -99.00  -99.00  -99.00
  453  453      0      0    0    0    1  -99.00  -99.00  -99.00  -99.00
  454  454      0      0    0    0    1  -99.00  -99.00  -99.00  -99.00
  455  455      0      0    0    0    1  -99.00  -99.00  -99.00  -99.00
  456  456      0      0    0    0    2  -99.00  -99.00  -99.00  -99.00
  457  457      0      0    0    0    2  -99.00  -99.00  -99.00  -99.00
  458  458      0      0    0    0    2  -99.00  -99.00  -99.00  -99.00
  459  459      0      0    0    0    3  -99.00  -99.00  -99.00  -99.00
  460  460      0      0    0    0    3  -99.00  -99.00  -99.00  -99.00
  461  461      0      0    0    0    3  -99.00  -99.00  -99.00  -99.00
  462  462      0      0    0    0    4  -99.00  -99.00  -99.00  -99.00
  463  463      0      0    0    0    4  -99.00  -99.00  -99.00  -99.00
  464  464      0      0    0    0    4  -99.00  -99.00  -99.00  -99.00
  465  465      0      0    0    0    5  -99.00  -99.00  -99.00  -99.00
  466  466      0      0    0    0    5  -99.00  -99.00  -99.00  -99.00
  467  467      0      0    0    0    5  -99.00  -99.00  -99.00  -99.00
  468  468      0      0    0    0    6  -99.00  -99.00  -99.00  -99.00
  469  469      0      0    0    0    6  -99.00  -99.00  -99.00  -99.00
  470  470      0      0    0    0    6  -99.00  -99.00  -99.00  -99.00
  471  471      0      0    0    0    7  -99.00  -99.00  -99.00  -99.00
  472  472      0      0    0    0    7  -99.00  -99.00  -99.00  -99.00
  473  473      0      0    0    0    7  -99.00  -99.00  -99.00  -99.00
  474  474      0      0    0    0    8  -99.00  -99.00  -99.00  -99.00
  475  475      0      0    0    0    8  -99.00  -99.00  -99.00  -99.00
  476  476      0      0    0    0    8  -99.00  -99.00  -99.00  -99.00
  477  477      0      0    0    0    9  -99.00  -99.00  -99.00  -99.00
  478  478      0      0    0    0    9  -99.00  -99.00  -99.00  -99.00
  479  479      0      0    0    0    9  -99.00  -99.00  -99.00  -99.00
  480  480      0      0    0    0   10  -99.00  -99.00  -99.00  -99.00
  481  481      0      0    0    0   10  -99.00  -99.00  -99.00  -99.00
  482  482      0      0    0    0   10  -99.00  -99.00  -99.00  -99.00
  483  483      0      0    0    0   11  -99.00  -99.00  -99.00  -99.00
  484  484      0      0    0    0   11  -99.00  -99.00  -99.00  -99.00
  485  485      0      0    0    0   11  -99.00  -99.00  -99.00  -99.00
  486  486      0      0    0    0   12  -99.00  -99.00  -99.00  -99.00
  487  487      0      0    0    0   12  -99.00  -99.00  -99.00  -99.00
  488  488      0      0    0    0   12  -99.00  -99.00  -99.00  -99.00
  489  489      0      0    0    0   13  -99.00  -99.00  -99.00  -99.00
  490  490      0      0    0    0   13  -99.00  -99.00  -99.00  -99.00
  491  491      0      0    0    0   13  -99.00  -99.00  -99.00  -99.00
  492  492      0      0    0    0   14  -99.00  -99.00  -99.00  -99.00
  493  493      0      0    0    0   14  -99.00  -99.00  -99.00  -99.00
  494  494      0      0    0    0   14  -99.00  -99.00  -99.00  -99.00
  495  495      0      0    0    0   15  -99.00  -99.00  -99.00  -99.00
  496  496      0      0    0    0   15  -99.00  -99.00  -99.00  -99.00
  497  497      0      0    0    0   15  -99.00  -99.00  -99.00  -99.00
  498  498      0      0    0    0   16  -99.00  -99.00  -99.00  -99.00
  499  499      0      0    0    0   16  -99.00  -99.00  -99.00  -99.00
  500  500      0      0    0    0   16  -99.00  -99.00  -99.00  -99.00
  501  501      0      0    0    0   17  -99.00  -99.00  -99.00  -99.00
  502  502      0      0    0    0   17  -99.00  -99.00  -99.00  -99.00
  503  503      0      0    0    0   17  -99.00  -99.00  -99.00  -99.00
  504  504      0      0    0    0   18  -99.00  -99.00  -99.00  -99.00
  505  505      0      0    0    0   18  -99.00  -99.00  -99.00  -99.00
  506  506      0      0    0    0   18  -99.00  -99.00  -99.00  -99.00
  507  507      0      0    0    0   19  -99.00  -99.00  -99.00  -99.00
  508  508      0      0    0    0   19  -99.00  -99.00  -99.00  -99.00
  509  509      0      0    0    0   19  -99.00  -99.00  -99.00  -99.00
  510  510      0      0    0    0   20  -99.00  -99.00  -99.00  -99.00
  511  511      0      0    0    0   20  -99.00  -99.00  -99.00  -99.00
  512  512      0      0    0    0   20  -99.00  -99.00  -99.00  -99.00
  513  513      0      0    0    0   21  -99.00  -99.00  -99.00  -99.00
  514  514      0      0    0    0   21  -99.00  -99.00  -99.00  -99.00
  515  515      0      0    0    0   21  -99.00  -99.00  -99.00  -99.00
  516  516      0      0    0    0   22  -99.00  -99.00  -99.00  -99.00
  517  517      0      0    0    0   22  -99.00  -99.00  -99.00  -99.00
  518  518      0      0    0    0   22  -99.00  -99.00  -99.00  -99.00
  519  519      0      0    0    0   23  -99.00  -99.00  -99.00  -99.00
  520  520      0      0    0    0   23  -99.00  -99.00  -99.00  -99.00
  521  521      0      0    0    0   23  -99.00  -99.00  -99.00  -99.00
  522  522      0      0    0    0   24  -99.00  -99.00  -99.00  -99.00
  523  523      0      0    0    0   24  -99.00  -99.00  -99.00  -99.00
  524  524      0      0    0    0   24  -99.00  -99.00  -99.00  -99.00
  525  525      0      0    0    0   25  -99.00  -99.00  -99.00  -99.00
  526  526      0      0    0    0   25  -99.00  -99.00  -99.00  -99.00
  527  527      0      0    0    0   26  -99.00  -99.00  -99.00  -99.00
  528  528      0      0    0    0   26  -99.00  -99.00  -99.00  -99.00
  529  529      0      0    0    0   26  -99.00  -99.00  -99.00  -99.00
  530  530      0      0    0    0   27  -99.00  -99.00  -99.00  -99.00
  531  531      0      0    0    0   27  -99.00  -99.00  -99.00  -99.00
  532  532      0      0    0    0   27  -99.00  -99.00  -99.00  -99.00
  533  533      0      0    0    0   28  -99.00  -99.00  -99.00  -99.00
  534  534      0      0    0    0   28  -99.00  -99.00  -99.00  -99.00
  535  535      0      0    0    0   28  -99.00  -99.00  -99.00  -99.00
  536  536      0      0    0    0   29  -99.00  -99.00  -99.00  -99.00
  537  537      0      0    0    0   29  -99.00  -99.00  -99.00  -99.00
  538  538      0      0    0    0   29  -99.00  -99.00  -99.00  -99.00
  539  539      0      0    0    0   30  -99.00  -99.00  -99.00  -99.00
  540  540      0      0    0    0   30  -99.00  -99.00  -99.00  -99.00
  541  541      0      0    0    0   30  -99.00  -99.00  -99.00  -99.00
  542  542      0      0    0    0   31  -99.00  -99.00  -99.00  -99.00
  543  543      0      0    0    0   31  -99.00  -99.00  -99.00  -99.00
  544  544      0      0    0    0   31  -99.00  -99.00  -99.00  -99.00
  545  545      0      0    0    0   32  -99.00  -99.00  -99.00  -99.00
  546  546      0      0    0    0   32  -99.00  -99.00  -99.00  -99.00
  547  547      0      0    0    0   32  -99.00  -99.00  -99.00  -99.00
  548  548      0      0    0    0   33  -99.00  -99.00  -99.00  -99.00
  549  549      0      0    0    0   33  -99.00  -99.00  -99.00  -99.00
  550  550      0      0    0    0   33  -99.00  -99.00  -99.00  -99.00
  551  551      0      0    0    0   34  -99.00  -99.00  -99.00  -99.00
  552  552      0      0    0    0   34  -99.00  -99.00  -99.00  -99.00
  553  553      0      0    0    0   34  -99.00  -99.00  -99.00  -99.00
  554  554      0      0    0    0   35  -99.00  -99.00  -99.00  -99.00
  555  555      0      0    0    0   35  -99.00  -99.00  -99.00  -99.00
  556  556      0      0    0    0   35  -99.00  -99.00  -99.00  -99.00
  557  557      0      0    0    0   36  -99.00  -99.00  -99.00  -99.00
  558  558      0      0    0    0   36  -99.00  -99.00  -99.00  -99.00
  559  559      0      0    0    0   36  -99.00  -99.00  -99.00  -99.00
  560  560      0      0    0    0   37  -99.00  -99.00  -99.00  -99.00
  561  561      0      0    0    0   37  -99.00  -99.00  -99.00  -99.00
  562  562      0      0    0    0   37  -99.00  -99.00  -99.00  -99.00
  563  563      0      0    0    0   38  -99.00  -99.00  -99.00  -99.00
  564  564      0      0    0    0   38  -99.00  -99.00  -99.00  -99.00
  565  565      0      0    0    0   38  -99.00  -99.00  -99.00  -99.00
  566  566      0      0    0    0   39  -99.00  -99.00  -99.00  -99.00
  567  567      0      0    0    0   39  -99.00  -99.00  -99.00  -99.00
  568  568      0      0    0    0   39  -99.00  -99.00  -99.00  -99.00
  569  569      0      0    0    0   40  -99.00  -99.00  -99.00  -99.00
  570  570      0      0    0    0   40  -99.00  -99.00  -99.00  -99.00
  571  571      0      0    0    0   40  -99.00  -99.00  -99.00  -99.00
  572  572      0      0    0    0   41  -99.00  -99.00  -99.00  -99.00
  573  573      0      0    0    0   41  -99.00  -99.00  -99.00  -99.00
  574  574      0      0    0    0   41  -99.00  -99.00  -99.00  -99.00
  575  575      0      0    0    0   42  -99.00  -99.00  -99.00  -99.00
  576  576      0      0    0    0   42  -99.00  -99.00  -99.00  -99.00
  577  577      0      0    0    0   42  -99.00  -99.00  -99.00  -99.00
  578  578      0      0    0    0   43  -99.00  -99.00  -99.00  -99.00
  579  579      0      0    0    0   43  -99.00  -99.00  -99.00  -99.00
  580  580      0      0    0    0   43  -99.00  -99.00  -99.00  -99.00
  581  581      0      0    0    0   44  -99.00  -99.00  -99.00  -99.00
  582  582      0      0    0    0   44  -99.00  -99.00  -99.00  -99.00
  583  583      0      0    0    0   44  -99.00  -99.00  -99.00  -99.00
  584  584      0      0    0    0   45  -99.00  -99.00  -99.00  -99.00
  585  585      0      0    0    0   45  -99.00  -99.00  -99.00  -99.00
  586  586      0      0    0    0   45  -99.00  -99.00  -99.00  -99.00
  587  587      0      0    0    0   46  -99.00  -99.00  -99.00  -99.00
  588  588      0      0    0   