2 4 1 1 0   
0       
1 407 453 1 4.888888889 24.671 24.671 -30.91
2 407 454 1 3 22.444 22.444 -30.61
3 407 455 1 40.5 25.264 25.264 -30.24
4 407 453 2 11.64705882 25.227 25.227 -30.62
5 407 455 2 44 20.674 20.674 -30.78
6 407 454 2 7 24.593 24.593 -30.41
7 407 454 3 41 26.462 26.462 -30.07
8 407 455 3 0 23.849 23.849 -99
9 407 453 3 4.210526316 23.192 23.192 -30.63
10 408 456 1 2.4 25.65 25.65 -30.67
11 408 457 1 5 26.362 26.362 -30.98
12 408 458 1 8 20.628 20.628 -31.76
13 408 456 2 14 21.807 21.807 -31.1
14 408 458 2 48.875 19.845 19.845 -31.72
15 408 457 2 -99 18.794 18.794 -99
16 408 458 3 0 23.148 23.148 -99
17 408 456 3 22.5 20.254 20.254 -30.93
18 408 457 3 1.125 20.468 20.468 -31.2
19 409 459 1 0 20.472 20.472 -30.57
20 409 460 1 0 19.506 19.506 -31.2
21 409 461 1 0 19.496 19.496 -30.9
22 409 459 2 14 22.569 22.569 -31.61
23 409 461 2 10 18.813 18.813 -32.32
24 409 460 2 8 16.76 16.76 -30.9
25 409 461 3 45.22222222 23.195 23.195 -31.59
26 409 460 3 4.571428571 20.139 20.139 -30.49
27 409 459 3 1.142857143 22.124 22.124 -31.65
28 410 462 1 11.39285714 22.031 22.031 -29.94
29 410 463 1 6 25.4 25.4 -29.92
30 410 464 1 0 26.407 26.407 -30.67
31 410 462 2 0 21.815 21.815 -31.78
32 410 463 2 0 25.304 25.304 -99
33 410 464 2 1 18.327 18.327 -30.63
34 410 462 3 0 18.71 18.71 -30.04
35 410 464 3 2.333333333 25.366 25.366 -29.76
36 410 463 3 33 22.709 22.709 -30.68
37 411 465 1 31.07142857 24.9 24.9 -31.22
38 411 466 1 0 16.108 16.108 -31.47
39 411 467 1 7 21.223 21.223 -30.27
40 411 466 2 4 22.305 22.305 -31.66
41 411 465 2 31 24.103 24.103 -32.45
42 411 467 2 23 24.711 24.711 -31.17
43 411 465 3 84.64285714 27.064 27.064 -31.15
44 411 466 3 4 17.091 17.091 -31.26
45 411 467 3 21.42857143 23.986 23.986 -30.45
46 412 468 1 75.64516129 23.737 23.737 -30.13
47 412 469 1 11 19.642 19.642 -30.93
48 412 470 1 5.230769231 25.018 25.018 -30.6
49 412 470 2 4 23.61 23.61 -31.52
50 412 469 2 1.2 20.325 20.325 -31.28
51 412 468 2 0 18.373 18.373 -30.5
52 412 468 3 55.20833333 21.56 21.56 -31.09
53 412 470 3 4 18.8 18.8 -30.83
54 412 469 3 17 19.525 19.525 -30.16
55 413 471 1 1 25.389 25.389 -31.23
56 413 472 1 77.95454545 22.75 22.75 -31.21
57 413 473 1 11.33333333 18.126 18.126 -31.41
58 413 472 2 7 25.314 25.314 -31.27
59 413 471 2 55.71428571 21.487 21.487 -31.06
60 413 473 2 0 21.427 21.427 -99
61 413 471 3 25.6 17.936 17.936 -30.28
62 413 472 3 12.1 21.99 21.99 -31.25
63 413 473 3 65.57142857 23.652 23.652 -30.96
64 414 474 1 10.28571429 24.509 24.509 -30.99
65 414 475 1 8 23.792 23.792 -29.81
66 414 476 1 11.42857143 20.998 20.998 -30.27
67 414 476 2 12 24.387 24.387 -30.85
68 414 474 2 29 24.243 24.243 -30.4
69 414 475 2 2 17.07 17.07 -99
70 414 476 3 0 21.67 21.67 -99
71 414 474 3 8 19.849 19.849 -30.6
72 414 475 3 2 23.027 23.027 -30.71
73 415 477 1 16 19.166 19.166 -31.63
74 415 478 1 39.1 22.658 22.658 -30.71
75 415 479 1 6 22.614 22.614 -30.6
76 415 479 2 6 20.844 20.844 -32.3
77 415 477 2 11 22.053 22.053 -31.52
78 415 478 2 9.818181818 20.263 20.263 -30.81
79 415 478 3 19 23.601 23.601 -30.77
80 415 479 3 1 25.651 25.651 -30.71
81 415 477 3 74.05714286 22.001 22.001 -30.4
82 416 480 1 2 21.546 21.546 -30.87
83 416 481 1 3 24.136 24.136 -99
84 416 482 1 18.72 25.141 25.141 -29.84
85 416 481 2 0 20.106 20.106 -99
86 416 480 2 11 22.112 22.112 -99
87 416 482 2 2.526315789 22.887 22.887 -29.34
88 416 481 3 3.666666667 22.521 22.521 -30.23
89 416 480 3 0 20.465 20.465 -99
90 416 482 3 8.333333333 20.661 20.661 -99
91 417 483 1 18.6 24.085 24.085 -99
92 417 484 1 18 24.215 24.215 -30.93
93 417 485 1 56.77419355 14.971 14.971 -30.96
94 417 483 2 57.27272727 24.289 24.289 -31.68
95 417 485 2 2.142857143 26.218 26.218 -30.98
96 417 484 2 7.714285714 23.859 23.859 -30.98
97 417 483 3 156 24.453 24.453 -30.77
98 417 485 3 10 22.309 22.309 -29.31
99 417 484 3 22.5 24.318 24.318 -30.63
100 418 486 1 85.09090909 20.478 20.478 -29.2
101 418 487 1 3 19.895 19.895 -32.14
102 418 488 1 0 21.769 21.769 -99
103 418 487 2 12 20.533 20.533 -30.77
104 418 488 2 4 23.107 23.107 -31.01
105 418 486 2 19.61538462 22.933 22.933 -29.78
106 418 487 3 49.69230769 -99 -99 -29.6
107 418 486 3 11.66666667 25.5 25.5 -29.73
108 418 488 3 41.22857143 23.092 23.092 -30.42
109 419 489 1 21 19.131 19.131 -31.08
110 419 490 1 11 26.03 26.03 -31.54
111 419 491 1 24.12195122 17.896 17.896 -31.62
112 419 489 2 1 23.832 23.832 -30.66
113 419 491 2 7 18.364 18.364 -32.16
114 419 490 2 0 19.787 19.787 -99
115 419 491 3 27.3125 23.647 23.647 -30.51
116 419 490 3 28 16.317 16.317 -31.36
117 419 489 3 10 22.931 22.931 -30.4
118 420 492 1 28.94736842 23.06 23.06 -30.93
119 420 493 1 5 27.037 27.037 -30.55
120 420 494 1 11 27.051 27.051 -30.68
121 420 492 2 0 22.967 22.967 -99
122 420 493 2 13.71428571 21.992 21.992 -31.25
123 420 494 2 44.2 -99 -99 -31.01
124 420 492 3 12.70588235 23.659 23.659 -31.02
125 420 494 3 4.333333333 25.4 25.4 -30.87
126 420 493 3 27.38095238 24.183 24.183 -99
127 421 495 1 26 20.43 20.43 -30.2
128 421 496 1 0 23.025 23.025 -99
129 421 497 1 12 18.32 18.32 -30.47
130 421 496 2 0 24.476 24.476 -30.96
131 421 497 2 7 -99 -99 -30.25
132 421 495 2 2 17.249 17.249 -99
133 421 496 3 77.17391304 -99 -99 -29.05
134 421 495 3 8 17.55 17.55 -99
135 421 497 3 60.15384615 18.906 18.906 -30.07
136 422 498 1 6.875 23.45 23.45 -30.28
137 422 499 1 14 23.548 23.548 -30
138 422 500 1 4 21.062 21.062 -29.54
139 422 499 2 25.55555556 25.106 25.106 -30.03
140 422 500 2 6 21.569 21.569 -30.16
141 422 498 2 15 25.475 25.475 -30.01
142 422 498 3 23.29411765 -99 -99 -30.56
143 422 500 3 22 25.642 25.642 -30.09
144 422 499 3 1.5 19.438 19.438 -29.87
145 423 501 1 0 23.013 23.013 -30.33
146 423 502 1 1.555555556 21.551 21.551 -29.61
147 423 503 1 1 15.729 15.729 -30.94
148 423 503 2 0 16.583 16.583 -31.02
149 423 502 2 3.214285714 19.724 19.724 -29.54
150 423 501 2 21.9047619 22.157 22.157 -31.11
151 423 503 3 24.64285714 21.813 21.813 -31.07
152 423 502 3 4 25.636 25.636 -30.28
153 423 501 3 10 22.243 22.243 -31.46
154 424 504 1 36 17.893 17.893 -31.84
155 424 505 1 26.6 21.538 21.538 -30.22
156 424 506 1 0 22.116 22.116 -31.62
157 424 506 2 1.2 21.785 21.785 -31.47
158 424 504 2 18.20689655 24.296 24.296 -31.87
159 424 505 2 67.39130435 20.748 20.748 -30.96
160 424 505 3 7.857142857 26.403 26.403 -29.86
161 424 506 3 28 23.153 23.153 -31.44
162 424 504 3 0 19.844 19.844 -99
163 425 507 1 7 20.992 20.992 -30.91
164 425 508 1 17 25.146 25.146 -30.87
165 425 509 1 21 16.737 16.737 -28.59
166 425 509 2 1.333333333 19.179 19.179 -31.55
167 425 507 2 7 20.54 20.54 -99
168 425 508 2 34.44444444 22.809 22.809 -30.49
169 425 509 3 3 16.62 16.62 -30.88
170 425 508 3 26.18181818 22.071 22.071 -30.76
171 425 507 3 0 24.136 24.136 -99
172 426 510 1 12.57142857 12.235 12.235 -31.27
173 426 511 1 5 19.94 19.94 -30.1
174 426 512 1 0 20.143 20.143 -29.96
175 426 512 2 0 14.539 14.539 -99
176 426 510 2 22 22.449 22.449 -31.42
177 426 511 2 0 20.577 20.577 -31.62
178 426 512 3 38 22.464 22.464 -31.26
179 426 511 3 7 25.096 25.096 -30.6
180 426 510 3 30 23.467 23.467 -31.75
181 427 513 1 37 24.48 24.48 -31.13
182 427 514 1 20.22222222 20.09 20.09 -30.93
183 427 515 1 0 20.316 20.316 -31.22
184 427 514 2 9 26.865 26.865 -31.34
185 427 513 2 17 24.257 24.257 -31.75
186 427 515 2 8.695652174 24.633 24.633 -30.83
187 427 514 3 70.41666667 27.805 27.805 -30.3
188 427 513 3 27.77777778 24.18 24.18 -30.79
189 427 515 3 10 24.091 24.091 -30.03
190 428 516 1 7.333333333 22.4 22.4 -30.25
191 428 517 1 7 22.176 22.176 -30.79
192 428 518 1 11 25.619 25.619 -30
193 428 517 2 21.33333333 19.293 19.293 -31.23
194 428 518 2 0 26.2 26.2 -99
195 428 516 2 0 21.074 21.074 -30.36
196 428 516 3 17 24.376 24.376 -99
197 428 517 3 57.14285714 21.745 21.745 -30.77
198 428 518 3 36 21.916 21.916 -30.5
199 429 519 1 1 20.477 20.477 -31.91
200 429 520 1 16.25 25.638 25.638 -30.87
201 429 521 1 4.666666667 19.68 19.68 -31.86
202 429 520 2 0 21.93 21.93 -99
203 429 521 2 3 27.635 27.635 -31.33
204 429 519 2 6 26.754 26.754 -31.14
205 429 520 3 28 22.832 22.832 -31.11
206 429 519 3 4.888888889 20.252 20.252 -30
207 429 521 3 4 20.284 20.284 -30.8
208 430 522 1 17.33333333 18.449 18.449 -99
209 430 523 1 121.7857143 21.96 21.96 -30.54
210 430 524 1 16.25 24.146 24.146 -30.99
211 430 524 2 4.4 -99 -99 -30.78
212 430 523 2 5 22.977 22.977 -31.08
213 430 522 2 3 24.701 24.701 -30.22
214 430 524 3 57.52173913 18.96 18.96 -30.35
215 430 523 3 0 26.104 26.104 -99
216 430 522 3 43 -99 -99 -31.17
217 431 525 1 45.81818182 23.621 23.621 -31.53
218 431 526 1 4 23.265 23.265 -31.06
219 431 525 2 6 20.263 20.263 -31.91
220 431 526 2 0 18.363 18.363 -31.49
221 431 525 3 6 19.624 19.624 -29.85
222 431 526 3 14.4 19.859 19.859 -30.33
223 432 527 1 6.375 20.159 20.159 -31.02
224 432 528 1 6 22.96 22.96 -30.91
225 432 529 1 4 20.661 20.661 -30.86
226 432 529 2 8 18.431 18.431 -31.43
227 432 527 2 0 22.781 22.781 -99
228 432 528 2 13.8125 17.592 17.592 -31.56
229 432 527 3 31.23076923 17.315 17.315 -30.5
230 432 529 3 4.571428571 18.538 18.538 -31.26
231 432 528 3 30.33333333 20.857 20.857 -31.15
232 433 530 1 84.33333333 14.89 14.89 -30.84
233 433 531 1 20 15.99 15.99 -29.54
234 433 532 1 69 19.962 19.962 -30.73
235 433 530 2 3.75 22.477 22.477 -30.54
236 433 531 2 16 25.891 25.891 -31.07
237 433 532 2 6 20.6 20.6 -31.89
238 433 532 3 6 18.499 18.499 -31.13
239 433 531 3 0 23.71 23.71 -31.32
240 433 530 3 0 20.1 20.1 -99
241 434 533 1 -99 19.27 19.27 -31.33
242 434 534 1 7.875 20.544 20.544 -29.91
243 434 533 2 0 17.013 17.013 -31.27
244 434 535 2 1 20.421 20.421 -31.47
245 434 534 2 0 27.725 27.725 -99
246 434 534 3 5.333333333 -99 -99 -29.72
247 434 535 3 25.84615385 21.471 21.471 -30.67
248 434 533 3 17.33333333 21.167 21.167 -30.7
249 435 536 1 4 16.456 16.456 -29.55
250 435 537 1 0 17.837 17.837 -29.12
251 435 538 1 38.4 20.452 20.452 -29.7
252 435 538 2 42 23.369 23.369 -30.51
253 435 537 2 20.8 22.574 22.574 -30.22
254 435 536 2 20.77777778 24.44 24.44 -30.51
255 435 538 3 13.2 18.35 18.35 -30.17
256 435 537 3 0 18.978 18.978 -99
257 435 536 3 15.27272727 22.005 22.005 -30.67
258 436 539 1 12 23.131 23.131 -30.91
259 436 540 1 34 26.495 26.495 -31.65
260 436 541 1 7.142857143 23.832 23.832 -30.78
261 436 541 2 6 21.21 21.21 -31.3
262 436 540 2 4.307692308 23.771 23.771 -32.09
263 436 539 2 23.14285714 -99 -99 -31.27
264 436 539 3 45.23809524 26.5 26.5 -30.71
265 436 541 3 0 23.89 23.89 -30.97
266 436 540 3 9 23.888 23.888 -30.81
267 437 542 1 31.08 24.19 24.19 -29.51
268 437 543 1 23.83333333 18.326 18.326 -29.81
269 437 544 1 8.076923077 21.166 21.166 -29.91
270 437 542 2 3 17.714 17.714 -31.5
271 437 544 2 9.5 21.336 21.336 -30.25
272 437 543 2 0 20.825 20.825 -31.46
273 437 544 3 0 23.025 23.025 -99
274 437 543 3 12.57142857 25.071 25.071 -29.36
275 437 542 3 22.66666667 20.065 20.065 -29.29
276 438 545 1 5 19.156 19.156 -30.23
277 438 546 1 15.27272727 22.099 22.099 -29.81
278 438 547 1 9 18.108 18.108 -30.17
279 438 546 2 68.45833333 24.389 24.389 -28.98
280 438 547 2 0 -99 -99 -30.51
281 438 545 2 16 22.279 22.279 -31.66
282 438 545 3 28 23.17 23.17 -30.57
283 438 547 3 8.4 18.069 18.069 -30.7
284 438 546 3 21 25.675 25.675 -30.07
285 439 548 1 10.28571429 22.207 22.207 -30.01
286 439 549 1 5 -99 -99 -31.52
287 439 550 1 51 21.954 21.954 -31.16
288 439 548 2 11 22.591 22.591 -30.99
289 439 550 2 29 22.118 22.118 -31.25
290 439 549 2 1 25.488 25.488 -31.06
291 439 550 3 13.92857143 19.068 19.068 -30.93
292 439 548 3 0 18.956 18.956 -31.54
293 439 549 3 38.23529412 24.023 24.023 -29.74
294 440 551 1 8 20.479 20.479 -31.24
295 440 552 1 7 23.631 23.631 -30.75
296 440 553 1 24 21.396 21.396 -31.07
297 440 551 2 7 20.213 20.213 -99
298 440 553 2 24.21052632 23.256 23.256 -30.42
299 440 552 2 4 20.461 20.461 -31.18
300 440 552 3 0 22.76 22.76 -99
301 440 553 3 27.42857143 22.947 22.947 -29.93
302 440 551 3 34 25.13 25.13 -30.01
303 441 554 1 25 -99 -99 -30.62
304 441 555 1 15 15.716 15.716 -30.55
305 441 554 2 15 22.247 22.247 -30.63
306 441 555 2 0 20.603 20.603 -31.47
307 441 556 2 11.57142857 23.042 23.042 -30.23
308 441 554 3 147.275 22.329 22.329 -99
309 441 555 3 5 20.436 20.436 -31.24
310 442 557 1 6 26.319 26.319 -31.2
311 442 558 1 49 26.863 26.863 -31.48
312 442 559 1 4 23.41 23.41 -99
313 442 558 2 1 20.23 20.23 -99
314 442 557 2 7.5 24.326 24.326 -31.26
315 442 559 2 9.9 27.198 27.198 -32.1
316 442 559 3 56 21.059 21.059 -30.64
317 442 558 3 49.08333333 25.248 25.248 -30.28
318 442 557 3 27.5 26.107 26.107 -29.12
319 443 560 1 28 19.99 19.99 -30.49
320 443 561 1 0 24.879 24.879 -99
321 443 562 1 9 16.065 16.065 -29.75
322 443 560 2 7 21.729 21.729 -29.74
323 443 562 2 4 -99 -99 -29.54
324 443 561 3 0 -99 -99 -30.2
325 443 560 3 2.5 17.01 17.01 -30.96
326 443 562 3 5 21.972 21.972 -99
327 444 563 1 48.72 23.835 23.835 -30.21
328 444 564 1 8 24.954 24.954 -99
329 444 565 1 25.84615385 21.336 21.336 -30.5
330 444 563 2 9 18.183 18.183 -30.26
331 444 565 2 5.384615385 18.805 18.805 -32.13
332 444 564 2 174 25.207 25.207 -31.04
333 444 563 3 43 22.536 22.536 -99
334 444 565 3 4 25.3 25.3 -31.21
335 444 564 3 60 26.981 26.981 -30.56
336 445 566 1 2.4 18.034 18.034 -31.1
337 445 567 1 16.71428571 19.413 19.413 -31.39
338 445 568 1 21 21.607 21.607 -30.03
339 445 568 2 1 21.137 21.137 -99
340 445 566 2 31.5 24.561 24.561 -30.65
341 445 567 2 86.31578947 21.772 21.772 -30.42
342 445 566 3 45 24.322 24.322 -30.54
343 445 568 3 0 18.031 18.031 -31.98
344 445 567 3 6 19.862 19.862 -30.21
345 446 569 1 5 23.514 23.514 -30.59
346 446 570 1 0 20.842 20.842 -30.62
347 446 571 1 14 22.9 22.9 -30.94
348 446 570 2 27 19.332 19.332 -30.42
349 446 569 2 15 23.496 23.496 -31.63
350 446 571 2 15.07692308 21.644 21.644 -30.82
351 446 569 3 7.875 -99 -99 -30.27
352 446 571 3 65.16666667 24.9 24.9 -30.39
353 446 570 3 16.36363636 20.884 20.884 -30.95
354 447 572 1 62 22.906 22.906 -31.51
355 447 573 1 0 23.37 23.37 -99
356 447 574 1 2 23.341 23.341 -31.04
357 447 574 2 6 22.796 22.796 -32.6
358 447 572 2 15 22.878 22.878 -31.65
359 447 573 2 59.4 22.417 22.417 -31.62
360 447 574 3 55.53333333 12.51 12.51 -31.57
361 447 572 3 29 23.528 23.528 -31.42
362 447 573 3 14 25.964 25.964 -99
363 448 575 1 9 21.01 21.01 -30.99
364 448 576 1 7 21.897 21.897 -30.77
365 448 577 1 21.9047619 26.309 26.309 -30.36
366 448 575 2 25.09090909 25.304 25.304 -30.68
367 448 576 2 14 18.292 18.292 -31.45
368 448 577 2 3 13.794 13.794 -30.39
369 448 576 3 209.5428571 24.471 24.471 -29.62
370 448 577 3 6 23.2 23.2 -31.08
371 448 575 3 0 17.317 17.317 -30.25
372 449 578 1 0 23.408 23.408 -99
373 449 579 1 0 19.759 19.759 -30.27
374 449 580 1 11.66666667 19.18 19.18 -30.94
375 449 580 2 4 21.788 21.788 -31.98
376 449 579 2 6 18.544 18.544 -30.49
377 449 578 2 0 23.755 23.755 -99
378 449 579 3 2.714285714 23.06 23.06 -29.81
379 449 580 3 11.11111111 21.841 21.841 -29.55
380 449 578 3 32 22.211 22.211 -29.39
381 450 581 1 7 22.486 22.486 -31.47
382 450 582 1 8 22.12 22.12 -30.76
383 450 583 1 4 22.081 22.081 -31.4
384 450 582 2 16 22.508 22.508 -31.59
385 450 583 2 0 19.36 19.36 -99
386 450 581 2 2.5 19.007 19.007 -31.31
387 450 581 3 1.333333333 -99 -99 -31.13
388 450 583 3 7.714285714 25.194 25.194 -31.44
389 450 582 3 30.8125 22.737 22.737 -31.2
390 451 584 1 11 19.275 19.275 -29.64
391 451 585 1 57.24 23.471 23.471 -30.44
392 451 586 1 6 24.779 24.779 -30.25
393 451 585 2 13.2 -99 -99 -29.97
394 451 586 2 1 21.815 21.815 -99
395 451 584 2 8 17.756 17.756 -99
396 451 586 3 4 21.2 21.2 -99
397 451 584 3 5 22.51 22.51 -31.05
398 451 585 3 63.14814815 20.687 20.687 -31.18
399 452 587 1 1.5 17.534 17.534 -31.31
400 452 588 1 2 22.254 22.254 -31.56
401 452 589 1 17.11111111 19.34 19.34 -31.67
402 452 588 2 0 -99 -99 -99
403 452 589 2 10.5 26.106 26.106 -29.85
404 452 587 3 -99 22.051 22.051 -32.33
405 452 588 3 15 26.172 26.172 -30.36
406 452 589 3 10.88888889 22.741 22.741 -30.07
407 0 0 0 -99 -99 -99 -99
408 0 0 0 -99 -99 -99 -99
409 0 0 0 -99 -99 -99 -99
410 0 0 0 -99 -99 -99 -99
411 0 0 0 -99 -99 -99 -99
412 0 0 0 -99 -99 -99 -99
413 0 0 0 -99 -99 -99 -99
414 0 0 0 -99 -99 -99 -99
415 0 0 0 -99 -99 -99 -99
416 0 0 0 -99 -99 -99 -99
417 0 0 0 -99 -99 -99 -99
418 0 0 0 -99 -99 -99 -99
419 0 0 0 -99 -99 -99 -99
420 0 0 0 -99 -99 -99 -99
421 0 0 0 -99 -99 -99 -99
422 0 0 0 -99 -99 -99 -99
423 0 0 0 -99 -99 -99 -99
424 0 0 0 -99 -99 -99 -99
425 0 0 0 -99 -99 -99 -99
426 0 0 0 -99 -99 -99 -99
427 0 0 0 -99 -99 -99 -99
428 0 0 0 -99 -99 -99 -99
429 0 0 0 -99 -99 -99 -99
430 0 0 0 -99 -99 -99 -99
431 0 0 0 -99 -99 -99 -99
432 0 0 0 -99 -99 -99 -99
433 0 0 0 -99 -99 -99 -99
434 0 0 0 -99 -99 -99 -99
435 0 0 0 -99 -99 -99 -99
436 0 0 0 -99 -99 -99 -99
437 0 0 0 -99 -99 -99 -99
438 0 0 0 -99 -99 -99 -99
439 0 0 0 -99 -99 -99 -99
440 0 0 0 -99 -99 -99 -99
441 0 0 0 -99 -99 -99 -99
442 0 0 0 -99 -99 -99 -99
443 0 0 0 -99 -99 -99 -99
444 0 0 0 -99 -99 -99 -99
445 0 0 0 -99 -99 -99 -99
446 0 0 0 -99 -99 -99 -99
447 0 0 0 -99 -99 -99 -99
448 0 0 0 -99 -99 -99 -99
449 0 0 0 -99 -99 -99 -99
450 0 0 0 -99 -99 -99 -99
451 0 0 0 -99 -99 -99 -99
452 0 0 0 -99 -99 -99 -99
453 0 0 0 -99 -99 -99 -99
454 0 0 0 -99 -99 -99 -99
455 0 0 0 -99 -99 -99 -99
456 0 0 0 -99 -99 -99 -99
457 0 0 0 -99 -99 -99 -99
458 0 0 0 -99 -99 -99 -99
459 0 0 0 -99 -99 -99 -99
460 0 0 0 -99 -99 -99 -99
461 0 0 0 -99 -99 -99 -99
462 0 0 0 -99 -99 -99 -99
463 0 0 0 -99 -99 -99 -99
464 0 0 0 -99 -99 -99 -99
465 0 0 0 -99 -99 -99 -99
466 0 0 0 -99 -99 -99 -99
467 0 0 0 -99 -99 -99 -99
468 0 0 0 -99 -99 -99 -99
469 0 0 0 -99 -99 -99 -99
470 0 0 0 -99 -99 -99 -99
471 0 0 0 -99 -99 -99 -99
472 0 0 0 -99 -99 -99 -99
473 0 0 0 -99 -99 -99 -99
474 0 0 0 -99 -99 -99 -99
475 0 0 0 -99 -99 -99 -99
476 0 0 0 -99 -99 -99 -99
477 0 0 0 -99 -99 -99 -99
478 0 0 0 -99 -99 -99 -99
479 0 0 0 -99 -99 -99 -99
480 0 0 0 -99 -99 -99 -99
481 0 0 0 -99 -99 -99 -99
482 0 0 0 -99 -99 -99 -99
483 0 0 0 -99 -99 -99 -99
484 0 0 0 -99 -99 -99 -99
485 0 0 0 -99 -99 -99 -99
486 0 0 0 -99 -99 -99 -99
487 0 0 0 -99 -99 -99 -99
488 0 0 0 -99 -99 -99 -99
489 0 0 0 -99 -99 -99 -99
490 0 0 0 -99 -99 -99 -99
491 0 0 0 -99 -99 -99 -99
492 0 0 0 -99 -99 -99 -99
493 0 0 0 -99 -99 -99 -99
494 0 0 0 -99 -99 -99 -99
495 0 0 0 -99 -99 -99 -99
496 0 0 0 -99 -99 -99 -99
497 0 0 0 -99 -99 -99 -99
498 0 0 0 -99 -99 -99 -99
499 0 0 0 -99 -99 -99 -99
500 0 0 0 -99 -99 -99 -99
501 0 0 0 -99 -99 -99 -99
502 0 0 0 -99 -99 -99 -99
503 0 0 0 -99 -99 -99 -99
504 0 0 0 -99 -99 -99 -99
505 0 0 0 -99 -99 -99 -99
506 0 0 0 -99 -99 -99 -99
507 0 0 0 -99 -99 -99 -99
508 0 0 0 -99 -99 -99 -99
509 0 0 0 -99 -99 -99 -99
510 0 0 0 -99 -99 -99 -99
511 0 0 0 -99 -99 -99 -99
512 0 0 0 -99 -99 -99 -99
513 0 0 0 -99 -99 -99 -99
514 0 0 0 -99 -99 -99 -99
515 0 0 0 -99 -99 -99 -99
516 0 0 0 -99 -99 -99 -99
517 0 0 0 -99 -99 -99 -99
518 0 0 0 -99 -99 -99 -99
519 0 0 0 -99 -99 -99 -99
520 0 0 0 -99 -99 -99 -99
521 0 0 0 -99 -99 -99 -99
522 0 0 0 -99 -99 -99 -99
523 0 0 0 -99 -99 -99 -99
524 0 0 0 -99 -99 -99 -99
525 0 0 0 -99 -99 -99 -99
526 0 0 0 -99 -99 -99 -99
527 0 0 0 -99 -99 -99 -99
528 0 0 0 -99 -99 -99 -99
529 0 0 0 -99 -99 -99 -99
530 0 0 0 -99 -99 -99 -99
531 0 0 0 -99 -99 -99 -99
532 0 0 0 -99 -99 -99 -99
533 0 0 0 -99 -99 -99 -99
534 0 0 0 -99 -99 -99 -99
535 0 0 0 -99 -99 -99 -99
536 0 0 0 -99 -99 -99 -99
537 0 0 0 -99 -99 -99 -99
538 0 0 0 -99 -99 -99 -99
539 0 0 0 -99 -99 -99 -99
540 0 0 0 -99 -99 -99 -99
541 0 0 0 -99 -99 -99 -99
542 0 0 0 -99 -99 -99 -99
543 0 0 0 -99 -99 -99 -99
544 0 0 0 -99 -99 -99 -99
545 0 0 0 -99 -99 -99 -99
546 0 0 0 -99 -99 -99 -99
547 0 0 0 -99 -99 -99 -99
548 0 0 0 -99 -99 -99 -99
549 0 0 0 -99 -99 -99 -99
550 0 0 0 -99 -99 -99 -99
551 0 0 0 -99 -99 -99 -99
552 0 0 0 -99 -99 -99 -99
553 0 0 0 -99 -99 -99 -99
554 0 0 0 -99 -99 -99 -99
555 0 0 0 -99 -99 -99 -99
556 0 0 0 -99 -99 -99 -99
557 0 0 0 -99 -99 -99 -99
558 0 0 0 -99 -99 -99 -99
559 0 0 0 -99 -99 -99 -99
560 0 0 0 -99 -99 -99 -99
561 0 0 0 -99 -99 -99 -99
562 0 0 0 -99 -99 -99 -99
563 0 0 0 -99 -99 -99 -99
564 0 0 0 -99 -99 -99 -99
565 0 0 0 -99 -99 -99 -99
566 0 0 0 -99 -99 -99 -99
567 0 0 0 -99 -99 -99 -99
568 0 0 0 -99 -99 -99 -99
569 0 0 0 -99 -99 -99 -99
570 0 0 0 -99 -99 -99 -99
571 0 0 0 -99 -99 -99 -99
572 0 0 0 -99 -99 -99 -99
573 0 0 0 -99 -99 -99 -99
574 0 0 0 -99 -99 -99 -99
575 0 0 0 -99 -99 -99 -99
576 0 0 0 -99 -99 -99 -99
577 0 0 0 -99 -99 -99 -99
578 0 0 0 -99 -99 -99 -99
579 0 0 0 -99 -99 -99 -99
580 0 0 0 -99 -99 -99 -99
581 0 0 0 -99 -99 -99 -99
582 0 0 0 -99 -99 -99 -99
583 0 0 0 -99 -99 -99 -99
584 0 0 0 -99 -99 -99 -99
585 0 0 0 -99 -99 -99 -99
586 0 0 0 -99 -99 -99 -99
587 0 0 0 -99 -99 -99 -99
588 0 0 0 -99 -99 -99 -99
589 0 0 0 -99 -99 -99 -99
0       