2 3 0 1 0 
0     
1 371 420 0 18.504 -30.77
2 371 421 0 21.111 -31.76
3 371 420 0 -99 -99
4 371 420 3 -99 -99
5 371 421 0 17.462 -99
6 371 422 -99 21.74 -29.86
7 372 423 -99 27.518 -29.23
8 372 424 5 18.527 -31.88
9 372 425 3 21.51 -31.48
10 372 423 0 16.871 -29.56
11 372 425 0 -99 -99
12 372 423 0 18.387 -99
13 372 424 8 18.866 -99
14 373 426 -99 36.069 -31.68
15 373 427 0 23.74 -30.8
16 373 428 0 21.905 -99
17 373 428 0 22.07 -99
18 373 426 0 12.69 -99
19 373 427 0 -99 -99
20 373 426 0 23.962 -99
21 373 428 5 25.154 -29.81
22 374 429 4 15.924 -29.58
23 374 430 0 24.461 -99
24 374 431 6 22.435 -29.59
25 374 430 0 17.94 -29.17
26 374 431 0 11.445 -29.44
27 374 430 0 22.484 -30.71
28 375 432 0 20.434 -99
29 375 433 -99 23.494 -29.97
30 375 433 0 27.314 -30.82
31 375 432 0 -99 -99
32 375 434 0 -99 -99
33 375 432 0 -99 -29.65
34 375 434 0 21.562 -99
35 375 433 7 17.772 -99
36 376 435 12 18.213 -99
37 376 436 -99 25.52 -30.4
38 376 437 0 24.533 -29.86
39 376 437 0 -99 -99
40 376 435 4 -99 -99
41 376 437 0 25.582 -30.52
42 376 436 3 26.546 -30.83
43 376 435 0 25.595 -99
44 377 438 0 28.691 -31.89
45 377 439 0 18.237 -99
46 377 440 26.66666667 22.352 -27.01
47 377 440 0 -99 -28.76
48 377 439 4 -99 -30.63
49 377 440 7 20.788 -29.39
50 377 439 0 19.383 -99
51 377 438 9 28.759 -99
52 378 441 2 -99 -99
53 378 442 37.5 28.672 -29.59
54 378 443 -99 19.87 -31.18
55 378 442 0 -99 -99
56 378 443 0 27.05 -29.24
57 378 441 0 16.244 -29.27
58 378 441 1 26.257 -29.74
59 378 442 -99 -99 -99
60 379 444 29 30.34 -99
61 379 445 0 26.223 -99
62 379 446 0 21.238 -99
63 379 445 0 20.133 -99
64 379 444 0 -99 -29.49
65 379 444 0 19.525 -99
66 379 446 0 21.313 -27.92
67 379 445 0 19.433 -99
68 380 447 6 32.137 -99
69 380 448 4 -99 -30.33
70 380 448 0 -99 -99
71 380 447 0 18.39 -29.39
72 380 449 0 -99 -29.89
73 380 449 0 17.699 -29.99
74 380 447 -99 30.174 -29.37
75 380 448 0 15.356 -99
76 381 450 46.66666667 16.243 -29.35
77 381 451 -99 29.505 -30.18
78 381 452 0 29.489 -99
79 381 450 0 19.28 -27.22
80 381 451 0 15.5 -99
81 381 452 0 16.48 -99
82 381 450 0 -99 -28.37
83 381 451 7 22.855 -28.83
84 382 453 8 25.203 -30.77
85 382 454 0 -99 -99
86 382 454 0 23.766 -99
87 382 453 0 15.21 -99
88 382 455 0 -99 -29.76
89 382 455 0 26.171 -99
90 382 454 0 24.074 -99
91 382 453 15 26.895 -29.97
92 383 456 12 27.81 -99
93 383 457 15 24.61 -30.75
94 383 458 0 28.674 -30.23
95 383 456 1 -99 -99
96 383 457 0 -99 -99
97 383 456 0 15.527 -27.87
98 383 457 6 23.946 -99
99 384 459 0 -99 -99
100 384 460 0 24.77 -99
101 384 461 0 24.669 -99
102 384 460 4 19.36 -29.76
103 384 459 0 -99 -99
104 384 461 -99 22.3 -30.77
105 384 459 0 27.247 -99
106 384 460 20 22.37 -28.23
107 384 461 2 25.375 -31.08
108 385 462 0 35.97 -99
109 385 463 1 26.461 -31.23
110 385 464 2 22.677 -99
111 385 463 0 18.335 -30.18
112 385 462 29 29.373 -30.51
113 385 464 0 22.38 -27.25
114 385 464 0 17.233 -99
115 385 462 0 15.026 -99
116 385 463 0 21.438 -99
117 386 465 1 28.33 -30.75
118 386 466 0 26.553 -29.86
119 386 467 0 29.155 -99
120 386 466 -99 26.974 -27.2
121 386 467 0 26.214 -99
122 386 467 0 -99 -99
123 386 466 4 23.825 -28.05
124 386 465 0 28.442 -99
125 387 468 0 25.535 -28.64
126 387 469 4 19.42 -30.55
127 387 469 0 19.749 -27.39
128 387 470 2 26.39 -29.33
129 387 470 0 18.979 -27.28
130 387 468 0 18.987 -28.28
131 387 469 0 21.811 -30.57
132 388 471 0 29.11 -31.04
133 388 472 0 28.592 -99
134 388 473 1 -99 -99
135 388 472 0 13.44 -99
136 388 471 -99 22.5 -29.36
137 388 472 0 21.441 -99
138 388 473 0 26.875 -99
139 389 474 0 34.386 -29.89
140 389 475 0 18.879 -99
141 389 476 0 -99 -28.4
142 389 476 2 12.42 -28.02
143 389 474 0 25.858 -99
144 389 475 0 30.54 -99
145 389 474 0 21.375 -99
146 389 475 0 17.148 -99
147 389 476 0 17.747 -99
148 390 477 0 18.73 -30.67
149 390 478 0 28.272 -28.86
150 390 479 0 25.784 -99
151 390 479 -99 24.196 -30.18
152 390 477 0 22.129 -99
153 390 478 6 24.085 -99
154 390 479 0 28.941 -28.35
155 391 480 0 29.387 -99
156 391 481 0 21.258 -30.7
157 391 482 0 24.777 -99
158 391 482 6 -99 -29.04
159 391 480 6 -99 -29.65
160 391 481 4 29.427 -99
161 391 482 0 -99 -30.71
162 391 481 16 21.914 -27.83
163 391 480 0 21.609 -29.38
164 392 483 24 26.117 -29.78
165 392 484 0 34.433 -99
166 392 485 0 14.408 -99
167 392 484 10.8 -99 -29.11
168 392 485 0 -99 -99
169 392 483 0 24.184 -99
170 392 484 0 17.269 -99
171 393 486 10.5 28.033 -99
172 393 487 0 19.737 -28.96
173 393 487 0 18.167 -99
174 393 488 0 22.58 -28.96
175 393 486 0 -99 -99
176 393 488 4 25.13 -29.6
177 393 487 0 17.768 -99
178 394 489 3 26.106 -27.76
179 394 490 0 23.192 -99
180 394 491 0 17.604 -99
181 394 490 4 20.36 -30.26
182 394 489 0 21.352 -30.6
183 395 492 0 21.936 -29.6
184 395 493 4 21.648 -30.22
185 395 494 0 22.725 -99
186 395 494 1 26.875 -29.02
187 395 493 0 15.755 -99
188 395 492 0 21.47 -29.17
189 395 493 0 -99 -30.37
190 395 492 0 19.798 -99
191 395 494 0 21.922 -31.44
192 396 495 2 24.11 -32.4
193 396 496 0 -99 -99
194 396 497 2 27.754 -27.53
195 396 497 0 22.493 -29.04
196 396 496 0 -99 -99
197 396 495 3 17.82 -32.55
198 396 497 1 25.32 -99
199 396 495 0 -99 -99
200 396 496 0 18.352 -99
201 397 498 0 19.584 -99
202 397 499 3 33.478 -28.34
203 397 500 -99 27.878 -29.56
204 397 499 1 -99 -29.77
205 397 498 0 -99 -99
206 397 500 0 20.363 -30.26
207 397 499 4 25.96 -29.36
208 398 501 51.25 26.407 -27.98
209 398 502 60.57142857 -99 -29.06
210 398 503 0 26.884 -99
211 398 502 2 -99 -30.41
212 398 501 0 17.859 -29.95
213 398 503 0 13.88 -99
214 398 503 0 12.031 -28.94
215 398 502 0 16.678 -31.43
216 399 504 -99 22.085 -29.96
217 399 505 0 22.795 -99
218 399 506 0 19.613 -99
219 399 504 5 24.064 -28.21
220 399 505 0 -99 -29.48
221 399 505 0 30.05 -99
222 399 504 0 26.027 -28.6
223 399 506 0 24.948 -99
224 400 507 0 18.355 -29.94
225 400 508 0 24.583 -30.04
226 400 509 0 26.859 -99
227 400 509 0 -99 -99
228 400 509 0 22.105 -30.47
229 400 507 6 21.73 -99
230 401 510 1 23.49 -31.48
231 401 511 0 29.26 -99
232 401 512 -99 24.73 -32.07
233 401 510 0 22.998 -99
234 401 512 0 25.906 -99
235 401 511 0 20.97 -99
236 401 511 0 14.406 -28.33
237 401 512 0 26.273 -27.83
238 401 510 0 26.976 -99
239 402 513 11 26.133 -30.56
240 402 514 0 24.959 -99
241 402 515 0 29.635 -99
242 402 514 0 -99 -99
243 402 515 0 22.752 -99
244 402 513 1 22.009 -29.77
245 402 515 4 27.044 -30.7
246 402 514 0 21.535 -99
247 403 516 4 21.58 -29.26
248 403 517 6 17.895 -30.69
249 403 517 5 -99 -29.3
250 403 516 8 -99 -27.44
251 403 518 0 -99 -99
252 403 517 3 21.296 -99
253 403 516 0 15.022 -99
254 404 519 0 25.767 -99
255 404 520 0 -99 -28.79
256 404 521 0 21.755 -99
257 404 520 -99 16.563 -99
258 404 519 0 26.001 -28.48
259 404 521 2 -99 -29.62
260 404 519 6 31.831 -99
261 404 520 11 27.194 -29
262 405 522 0 29.21 -99
263 405 523 0 -99 -99
264 405 524 0 32.389 -99
265 405 524 0 22.848 -99
266 405 523 0 24.42 -99
267 405 522 0 23.11 -30.44
268 405 523 0 23.31 -99
269 405 522 0 -99 -99
270 405 524 0 31.733 -99
271 406 525 0 -99 -30.19
272 406 526 0 30.868 -99
273 406 527 0 23.534 -31.08
274 406 526 0 13.32 -99
275 406 527 0 16.92 -30.89
276 406 525 0 -99 -99
277 406 527 0 6.201 -30.67
278 406 525 0 19.95 -29.14
279 407 528 0 18.554 -28.19
280 407 529 2 27.091 -32.24
281 407 530 4 -99 -32.75
282 407 530 0 -99 -99
283 407 528 -99 25.739 -99
284 407 529 4 23.88 -99
285 407 528 14 30.482 -30.72
286 408 531 -99 25.148 -28.28
287 408 532 0 27.845 -29.9
288 408 533 0 19.197 -28.65
289 408 531 2 18.51 -99
290 408 532 3 -99 -28.03
291 408 533 3 26.276 -28.25
292 408 531 0 24.92 -27.62
293 408 532 0 24.026 -30.8
294 409 534 -99 28.53 -29.79
295 409 535 8 27.91 -28.73
296 409 536 0 18.619 -99
297 409 534 7 -99 -29.06
298 409 535 0 30.763 -99
299 409 536 0 25.04 -99
300 410 537 0 -99 -99
301 410 538 0 21.25 -99
302 410 539 295.375 -99 -31.66
303 410 539 8 24.46 -29.37
304 410 538 7 19.9 -99
305 410 539 2 34.51 -99
306 410 537 0 13.056 -99
307 410 538 -99 17.646 -29.28
308 411 540 -99 24.492 -32.71
309 411 541 0 23.29 -30.33
310 411 541 0 20.287 -29.36
311 411 540 0 22.25 -99
312 411 540 22.75 30.465 -28.31
313 412 542 0 22.317 -99
314 412 543 0 29.032 -99
315 412 544 8 -99 -29.29
316 412 542 3 22.43 -31.53
317 412 544 0 15.979 -99
318 412 542 0 21.504 -30.36
319 412 543 1.5 18.723 -28.26
320 413 545 8 -99 -28.67
321 413 546 9 -99 -29.48
322 413 547 16 -99 -30.11
323 413 545 0 -99 -99
324 413 545 0 23.555 -99
325 413 547 11.66666667 20.79 -28.3
326 413 546 24 21.466 -30.32
327 414 548 61.46153846 27.32 -30.12
328 414 549 0 20.61 -29.56
329 414 550 0 20.45 -28.41
330 414 549 0 21.426 -27.09
331 414 548 0 21.22 -28.35
332 414 548 2 25.731 -99
333 414 549 0 17.814 -27.23
334 414 550 0 19.954 -99
335 415 551 -99 26.118 -99
336 415 552 5 -99 -30.24
337 415 553 0 32.014 -99
338 415 551 0 -99 -28.22
339 415 552 0 14.14 -28.68
340 415 553 0 -99 -29.29
341 415 553 0 -99 -29.55
342 415 551 0 20.595 -99
343 415 552 16 25.675 -29.83
344 416 554 42 27.293 -30.3
345 416 555 9 23.47 -99
346 416 556 0 -99 -30.43
347 416 556 0 -99 -99
348 416 554 4 22.56 -28.95
349 416 556 0 19.866 -99
350 417 557 4 15.84 -30.21
351 417 558 0 19.865 -30.75
352 417 559 24 24.74 -28.99
353 417 557 0 22.39 -99
354 417 558 -99 18.655 -27.18
355 417 559 0 14.021 -28.51
356 417 557 -99 21.084 -28.94
357 418 560 0 23.626 -29.73
358 418 561 18 22.47 -30.55
359 418 560 3 19.784 -30.01
360 418 560 4 21.783 -30.56
361 418 562 0 22.106 -99
362 419 563 33.6 29.449 -30.77
363 419 564 0 28.308 -28.18
364 419 565 0 -99 -99
365 419 565 0 20.453 -29.9
366 419 563 0 22.25 -30.82
367 419 564 0 20.98 -29.42
368 419 565 0 20.661 -99
369 419 564 11.42857143 28.973 -28.44
370 419 563 0 27.481 -30.9
371 0 0 -99 -99 -99
372 0 0 -99 -99 -99
373 0 0 -99 -99 -99
374 0 0 -99 -99 -99
375 0 0 -99 -99 -99
376 0 0 -99 -99 -99
377 0 0 -99 -99 -99
378 0 0 -99 -99 -99
379 0 0 -99 -99 -99
380 0 0 -99 -99 -99
381 0 0 -99 -99 -99
382 0 0 -99 -99 -99
383 0 0 -99 -99 -99
384 0 0 -99 -99 -99
385 0 0 -99 -99 -99
386 0 0 -99 -99 -99
387 0 0 -99 -99 -99
388 0 0 -99 -99 -99
389 0 0 -99 -99 -99
390 0 0 -99 -99 -99
391 0 0 -99 -99 -99
392 0 0 -99 -99 -99
393 0 0 -99 -99 -99
394 0 0 -99 -99 -99
395 0 0 -99 -99 -99
396 0 0 -99 -99 -99
397 0 0 -99 -99 -99
398 0 0 -99 -99 -99
399 0 0 -99 -99 -99
400 0 0 -99 -99 -99
401 0 0 -99 -99 -99
402 0 0 -99 -99 -99
403 0 0 -99 -99 -99
404 0 0 -99 -99 -99
405 0 0 -99 -99 -99
406 0 0 -99 -99 -99
407 0 0 -99 -99 -99
408 0 0 -99 -99 -99
409 0 0 -99 -99 -99
410 0 0 -99 -99 -99
411 0 0 -99 -99 -99
412 0 0 -99 -99 -99
413 0 0 -99 -99 -99
414 0 0 -99 -99 -99
415 0 0 -99 -99 -99
416 0 0 -99 -99 -99
417 0 0 -99 -99 -99
418 0 0 -99 -99 -99
419 0 0 -99 -99 -99
420 0 0 -99 -99 -99
421 0 0 -99 -99 -99
422 0 0 -99 -99 -99
423 0 0 -99 -99 -99
424 0 0 -99 -99 -99
425 0 0 -99 -99 -99
426 0 0 -99 -99 -99
427 0 0 -99 -99 -99
428 0 0 -99 -99 -99
429 0 0 -99 -99 -99
430 0 0 -99 -99 -99
431 0 0 -99 -99 -99
432 0 0 -99 -99 -99
433 0 0 -99 -99 -99
434 0 0 -99 -99 -99
435 0 0 -99 -99 -99
436 0 0 -99 -99 -99
437 0 0 -99 -99 -99
438 0 0 -99 -99 -99
439 0 0 -99 -99 -99
440 0 0 -99 -99 -99
441 0 0 -99 -99 -99
442 0 0 -99 -99 -99
443 0 0 -99 -99 -99
444 0 0 -99 -99 -99
445 0 0 -99 -99 -99
446 0 0 -99 -99 -99
447 0 0 -99 -99 -99
448 0 0 -99 -99 -99
449 0 0 -99 -99 -99
450 0 0 -99 -99 -99
451 0 0 -99 -99 -99
452 0 0 -99 -99 -99
453 0 0 -99 -99 -99
454 0 0 -99 -99 -99
455 0 0 -99 -99 -99
456 0 0 -99 -99 -99
457 0 0 -99 -99 -99
458 0 0 -99 -99 -99
459 0 0 -99 -99 -99
460 0 0 -99 -99 -99
461 0 0 -99 -99 -99
462 0 0 -99 -99 -99
463 0 0 -99 -99 -99
464 0 0 -99 -99 -99
465 0 0 -99 -99 -99
466 0 0 -99 -99 -99
467 0 0 -99 -99 -99
468 0 0 -99 -99 -99
469 0 0 -99 -99 -99
470 0 0 -99 -99 -99
471 0 0 -99 -99 -99
472 0 0 -99 -99 -99
473 0 0 -99 -99 -99
474 0 0 -99 -99 -99
475 0 0 -99 -99 -99
476 0 0 -99 -99 -99
477 0 0 -99 -99 -99
478 0 0 -99 -99 -99
479 0 0 -99 -99 -99
480 0 0 -99 -99 -99
481 0 0 -99 -99 -99
482 0 0 -99 -99 -99
483 0 0 -99 -99 -99
484 0 0 -99 -99 -99
485 0 0 -99 -99 -99
486 0 0 -99 -99 -99
487 0 0 -99 -99 -99
488 0 0 -99 -99 -99
489 0 0 -99 -99 -99
490 0 0 -99 -99 -99
491 0 0 -99 -99 -99
492 0 0 -99 -99 -99
493 0 0 -99 -99 -99
494 0 0 -99 -99 -99
495 0 0 -99 -99 -99
496 0 0 -99 -99 -99
497 0 0 -99 -99 -99
498 0 0 -99 -99 -99
499 0 0 -99 -99 -99
500 0 0 -99 -99 -99
501 0 0 -99 -99 -99
502 0 0 -99 -99 -99
503 0 0 -99 -99 -99
504 0 0 -99 -99 -99
505 0 0 -99 -99 -99
506 0 0 -99 -99 -99
507 0 0 -99 -99 -99
508 0 0 -99 -99 -99
509 0 0 -99 -99 -99
510 0 0 -99 -99 -99
511 0 0 -99 -99 -99
512 0 0 -99 -99 -99
513 0 0 -99 -99 -99
514 0 0 -99 -99 -99
515 0 0 -99 -99 -99
516 0 0 -99 -99 -99
517 0 0 -99 -99 -99
518 0 0 -99 -99 -99
519 0 0 -99 -99 -99
520 0 0 -99 -99 -99
521 0 0 -99 -99 -99
522 0 0 -99 -99 -99
523 0 0 -99 -99 -99
524 0 0 -99 -99 -99
525 0 0 -99 -99 -99
526 0 0 -99 -99 -99
527 0 0 -99 -99 -99
528 0 0 -99 -99 -99
529 0 0 -99 -99 -99
530 0 0 -99 -99 -99
531 0 0 -99 -99 -99
532 0 0 -99 -99 -99
533 0 0 -99 -99 -99
534 0 0 -99 -99 -99
535 0 0 -99 -99 -99
536 0 0 -99 -99 -99
537 0 0 -99 -99 -99
538 0 0 -99 -99 -99
539 0 0 -99 -99 -99
540 0 0 -99 -99 -99
541 0 0 -99 -99 -99
542 0 0 -99 -99 -99
543 0 0 -99 -99 -99
544 0 0 -99 -99 -99
545 0 0 -99 -99 -99
546 0 0 -99 -99 -99
547 0 0 -99 -99 -99
548 0 0 -99 -99 -99
549 0 0 -99 -99 -99
550 0 0 -99 -99 -99
551 0 0 -99 -99 -99
552 0 0 -99 -99 -99
553 0 0 -99 -99 -99
554 0 0 -99 -99 -99
555 0 0 -99 -99 -99
556 0 0 -99 -99 -99
557 0 0 -99 -99 -99
558 0 0 -99 -99 -99
559 0 0 -99 -99 -99
560 0 0 -99 -99 -99
561 0 0 -99 -99 -99
562 0 0 -99 -99 -99
563 0 0 -99 -99 -99
0     
     
     
     
     
     
     
     
     
     
     
     
     
     
     
     
     
     
     
     
     
     
     
     
     
     
     
     
     
     
     
     
     
     
     
     
     
     
     
     
     
     
     
     
     
     
     
     
     
     
     
     
     
     
     
     
     
     
     
     
     
     
     
     
     
     
     
     
     
     
     
     
     
     
     
     
     
     
     
     
     
     
     
     
     
     
     
     
     
     
     
     
     
     
     
     
     
     
     
     
     
     
     
     
     
     
     
     
     
     
     
     
     
     
     
     
     
     
     
     
     
     
     
     
     
     
     
     
     
     
     
     
     
     
     
     
     
     
     
     
     
     
     
     
     
     
     
     
     
     
     
     
     
     
     
     
     
     
     
     
     
     
     
     
     
     
     
     
     
     
     
     
     
     
     
     
     
     
     
     
     
     
     
     
     
     
     
     
     
     
     
     
     
     
     
     
     
     
     
     
     
     
     
     
     
     
     
     
     
     
     
     
     
     
     
     
     
     
     
     
     
     
     
     
     
     
     
     
     
     
     
     
     
     
     
     
     
     
     
     
     
     
     
     
     
     
     
     
     
     
     
     
     
     
     
     
     
     
     
     
     
     
     
     
     
     
     
     
     
     
     
     
     
     
     
     
     
     
     
     
     
     
     
     
     
     
     
     
     
     
     
     
     
     
     
     
     
     
     
     
     
     
     
     
     
     
     
     
     
     
     
     
     
     
     
     
     
     
     
     
     
     
     
     
     
     
     
     
     
     
     
     
     
     
     
     
     
     
     
     
     
     
     
     
     
     
     
     
     
     
     
     
     
     
     
     
     
     
     
     
     
     
     
     
     
     
     
     
     
     
     
     
     
     
     
     
     
     
     
     
     
     
     
     
     
     
     
     
     
     
     
     
     
     
     
     
     
     
     
     
     
     
     
     
     
     
     
     
     
     
     
     
     
     
     
     
     
     
     
     
     
     
     
     
     
     
     
     
     
     
     
     
     
     
     
     