2 4 0 1 0  
0      
1 407 453 4.888888889 24.671 14.20261438 -30.91
2 407 454 3 22.444 18.66446991 -30.61
3 407 455 40.5 25.264 14.85441176 -30.24
4 407 453 11.64705882 25.227 8.118070175 -30.62
5 407 455 44 20.674 14.06202532 -30.78
6 407 454 7 24.593 16.31680672 -30.41
7 407 454 41 26.462 30.44183673 -30.07
8 407 455 0 23.849 14.95362694 -99
9 407 453 4.210526316 23.192 17.83012048 -30.63
10 408 456 2.4 25.65 13.67666667 -30.67
11 408 457 5 26.362 19.37793103 -30.98
12 408 458 8 20.628 -99 -31.76
13 408 456 14 21.807 20.62383721 -31.1
14 408 458 48.875 19.845 14.63214286 -31.72
15 408 457 -99 18.794 16.42209738 -99
16 408 458 0 23.148 -99 -99
17 408 456 22.5 20.254 24.30666667 -30.93
18 408 457 1.125 20.468 16.16902655 -31.2
19 409 459 0 20.472 18.01491228 -30.57
20 409 460 0 19.506 17.04016913 -31.2
21 409 461 0 19.496 13.66678445 -30.9
22 409 459 14 22.569 19.75236052 -31.61
23 409 461 10 18.813 18.20966184 -32.32
24 409 460 8 16.76 13.67875817 -30.9
25 409 461 45.22222222 23.195 13.7965812 -31.59
26 409 460 4.571428571 20.139 17.93497268 -30.49
27 409 459 1.142857143 22.124 12.78758389 -31.65
28 410 462 11.39285714 22.031 21.92467532 -29.94
29 410 463 6 25.4 14.97782805 -29.92
30 410 464 0 26.407 16.50370899 -30.67
31 410 462 0 21.815 13.00458333 -31.78
32 410 463 0 25.304 -99 -99
33 410 464 1 18.327 16.68856448 -30.63
34 410 462 0 18.71 12.83050398 -30.04
35 410 464 2.333333333 25.366 14.99804878 -29.76
36 410 463 33 22.709 19.82674419 -30.68
37 411 465 31.07142857 24.9 14.89521531 -31.22
38 411 466 0 16.108 24.82430939 -31.47
39 411 467 7 21.223 16.87386364 -30.27
40 411 466 4 22.305 19.11303258 -31.66
41 411 465 31 24.103 20.14096386 -32.45
42 411 467 23 24.711 27.58139535 -31.17
43 411 465 84.64285714 27.064 14.77678571 -31.15
44 411 466 4 17.091 23.66344828 -31.26
45 411 467 21.42857143 23.986 18.24581281 -30.45
46 412 468 75.64516129 23.737 8.258040469 -30.13
47 412 469 11 19.642 10.6384106 -30.93
48 412 470 5.230769231 25.018 15.53624161 -30.6
49 412 470 4 23.61 14.56119734 -31.52
50 412 469 1.2 20.325 13.30230548 -31.28
51 412 468 0 18.373 15.83917808 -30.5
52 412 468 55.20833333 21.56 13.70436681 -31.09
53 412 470 4 18.8 15.06966825 -30.83
54 412 469 17 19.525 17.88761905 -30.16
55 413 471 1 25.389 17.50479042 -31.23
56 413 472 77.95454545 22.75 12.86538462 -31.21
57 413 473 11.33333333 18.126 16.43496503 -31.41
58 413 472 7 25.314 18.87985612 -31.27
59 413 471 55.71428571 21.487 15.25333333 -31.06
60 413 473 0 21.427 17.65444444 -99
61 413 471 25.6 17.936 13.95817308 -30.28
62 413 472 12.1 21.99 22.7728 -31.25
63 413 473 65.57142857 23.652 15.24432773 -30.96
64 414 474 10.28571429 24.509 17.34227941 -30.99
65 414 475 8 23.792 17.5266129 -29.81
66 414 476 11.42857143 20.998 28.23164557 -30.27
67 414 476 12 24.387 11.67383721 -30.85
68 414 474 29 24.243 13.94927835 -30.4
69 414 475 2 17.07 21.63246753 -99
70 414 476 0 21.67 -99 -99
71 414 474 8 19.849 14.1625 -30.6
72 414 475 2 23.027 16.70578947 -30.71
73 415 477 16 19.166 -99 -31.63
74 415 478 39.1 22.658 15.11967742 -30.71
75 415 479 6 22.614 14.78661088 -30.6
76 415 479 6 20.844 12.39223301 -32.3
77 415 477 11 22.053 16.65095238 -31.52
78 415 478 9.818181818 20.263 16.15966387 -30.81
79 415 478 19 23.601 17.1208589 -30.77
80 415 479 1 25.651 18.99693095 -30.71
81 415 477 74.05714286 22.001 19.03033175 -30.4
82 416 480 2 21.546 -99 -30.87
83 416 481 3 24.136 18.9461794 -99
84 416 482 18.72 25.141 13.77738095 -29.84
85 416 481 0 20.106 12.81044177 -99
86 416 480 11 22.112 19.05873016 -99
87 416 482 2.526315789 22.887 17.13893443 -29.34
88 416 481 3.666666667 22.521 20.24642857 -30.23
89 416 480 0 20.465 16.60403226 -99
90 416 482 8.333333333 20.661 14.30868545 -99
91 417 483 18.6 24.085 17.63630137 -99
92 417 484 18 24.215 14.77710843 -30.93
93 417 485 56.77419355 14.971 15.97896996 -30.96
94 417 483 57.27272727 24.289 13.938 -31.68
95 417 485 2.142857143 26.218 19.21634615 -30.98
96 417 484 7.714285714 23.859 21.17673267 -30.98
97 417 483 156 24.453 -99 -30.77
98 417 485 10 22.309 17.32283654 -29.31
99 417 484 22.5 24.318 11.89514563 -30.63
100 418 486 85.09090909 20.478 17.16610169 -29.2
101 418 487 3 19.895 13.32671233 -32.14
102 418 488 0 21.769 12.35160256 -99
103 418 487 12 20.533 18.26053812 -30.77
104 418 488 4 23.107 16.40497925 -31.01
105 418 486 19.61538462 22.933 17.24010989 -29.78
106 418 487 49.69230769 -99 36.21192661 -29.6
107 418 486 11.66666667 25.5 18.09655172 -29.73
108 418 488 41.22857143 23.092 15.54078212 -30.42
109 419 489 21 19.131 13.61188811 -31.08
110 419 490 11 26.03 18.28264463 -31.54
111 419 491 24.12195122 17.896 13.57043478 -31.62
112 419 489 1 23.832 15.16533333 -30.66
113 419 491 7 18.364 13.51380753 -32.16
114 419 490 0 19.787 17.96064516 -99
115 419 491 27.3125 23.647 20.63944954 -30.51
116 419 490 28 16.317 11.85492424 -31.36
117 419 489 10 22.931 16.88482143 -30.4
118 420 492 28.94736842 23.06 16.50168067 -30.93
119 420 493 5 27.037 16.36904762 -30.55
120 420 494 11 27.051 18.69517241 -30.68
121 420 492 0 22.967 18.49064039 -99
122 420 493 13.71428571 21.992 18.44606742 -31.25
123 420 494 44.2 -99 23.46974359 -31.01
124 420 492 12.70588235 23.659 51.878 -31.02
125 420 494 4.333333333 25.4 19.22608696 -30.87
126 420 493 27.38095238 24.183 12.16317829 -99
127 421 495 26 20.43 13.11092715 -30.2
128 421 496 0 23.025 15.08333333 -99
129 421 497 12 18.32 18.28469945 -30.47
130 421 496 0 24.476 -99 -30.96
131 421 497 7 -99 19.4377551 -30.25
132 421 495 2 17.249 16.1969163 -99
133 421 496 77.17391304 -99 13.4152381 -29.05
134 421 495 8 17.55 -99 -99
135 421 497 60.15384615 18.906 15.36240602 -30.07
136 422 498 6.875 23.45 12.30206897 -30.28
137 422 499 14 23.548 16.21168091 -30
138 422 500 4 21.062 19.76275862 -29.54
139 422 499 25.55555556 25.106 20.83366667 -30.03
140 422 500 6 21.569 15.56143345 -30.16
141 422 498 15 25.475 -99 -30.01
142 422 498 23.29411765 -99 16.87279412 -30.56
143 422 500 22 25.642 14.08024691 -30.09
144 422 499 1.5 19.438 12.72207294 -29.87
145 423 501 0 23.013 18.43588235 -30.33
146 423 502 1.555555556 21.551 -99 -29.61
147 423 503 1 15.729 14.98916667 -30.94
148 423 503 0 16.583 15.1907767 -31.02
149 423 502 3.214285714 19.724 15.39365079 -29.54
150 423 501 21.9047619 22.157 21.94191919 -31.11
151 423 503 24.64285714 21.813 29.97009346 -31.07
152 423 502 4 25.636 15.30965251 -30.28
153 423 501 10 22.243 20.94411765 -31.46
154 424 504 36 17.893 11.56271552 -31.84
155 424 505 26.6 21.538 16.87511111 -30.22
156 424 506 0 22.116 15.1078534 -31.62
157 424 506 1.2 21.785 15.36382979 -31.47
158 424 504 18.20689655 24.296 16.43082437 -31.87
159 424 505 67.39130435 20.748 19.7045977 -30.96
160 424 505 7.857142857 26.403 15.76722222 -29.86
161 424 506 28 23.153 20.1649789 -31.44
162 424 504 0 19.844 13.73067485 -99
163 425 507 7 20.992 13.51048035 -30.91
164 425 508 17 25.146 22.46098485 -30.87
165 425 509 21 16.737 4.876276807 -28.59
166 425 509 1.333333333 19.179 15.86317016 -31.55
167 425 507 7 20.54 13.99245283 -99
168 425 508 34.44444444 22.809 23.9539749 -30.49
169 425 509 3 16.62 13.27305389 -30.88
170 425 508 26.18181818 22.071 18.22620968 -30.76
171 425 507 0 24.136 12.13577778 -99
172 426 510 12.57142857 12.235 13.59097473 -31.27
173 426 511 5 19.94 24.06060606 -30.1
174 426 512 0 20.143 15.90786517 -29.96
175 426 512 0 14.539 20.02274882 -99
176 426 510 22 22.449 15.8904 -31.42
177 426 511 0 20.577 17.94152047 -31.62
178 426 512 38 22.464 13.15958379 -31.26
179 426 511 7 25.096 15.52522936 -30.6
180 426 510 30 23.467 14.10149254 -31.75
181 427 513 37 24.48 17.44312977 -31.13
182 427 514 20.22222222 20.09 15.80292683 -30.93
183 427 515 0 20.316 15.28571429 -31.22
184 427 514 9 26.865 12.35750916 -31.34
185 427 513 17 24.257 27.00093458 -31.75
186 427 515 8.695652174 24.633 18.26338028 -30.83
187 427 514 70.41666667 27.805 23.01097561 -30.3
188 427 513 27.77777778 24.18 15.50124224 -30.79
189 427 515 10 24.091 13.07694175 -30.03
190 428 516 7.333333333 22.4 17.3505 -30.25
191 428 517 7 22.176 17.5440678 -30.79
192 428 518 11 25.619 18.24257028 -30
193 428 517 21.33333333 19.293 16.17318919 -31.23
194 428 518 0 26.2 16.95535714 -99
195 428 516 0 21.074 -99 -30.36
196 428 516 17 24.376 13.44961832 -99
197 428 517 57.14285714 21.745 16.51589744 -30.77
198 428 518 36 21.916 14.56330275 -30.5
199 429 519 1 20.477 16.91006711 -31.91
200 429 520 16.25 25.638 12.28806818 -30.87
201 429 521 4.666666667 19.68 11.98647399 -31.86
202 429 520 0 21.93 15.58108108 -99
203 429 521 3 27.635 15.70375 -31.33
204 429 519 6 26.754 18.71973684 -31.14
205 429 520 28 22.832 15.46968504 -31.11
206 429 519 4.888888889 20.252 16.1083612 -30
207 429 521 4 20.284 13.87806452 -30.8
208 430 522 17.33333333 18.449 -99 -99
209 430 523 121.7857143 21.96 27.92222222 -30.54
210 430 524 16.25 24.146 30.10441176 -30.99
211 430 524 4.4 -99 14.04869888 -30.78
212 430 523 5 22.977 16.65126904 -31.08
213 430 522 3 24.701 18.28529412 -30.22
214 430 524 57.52173913 18.96 17.15144928 -30.35
215 430 523 0 26.104 7.556338028 -99
216 430 522 43 -99 18.99137931 -31.17
217 431 525 45.81818182 23.621 17.83927273 -31.53
218 431 526 4 23.265 16.74230769 -31.06
219 431 525 6 20.263 15.65423729 -31.91
220 431 526 0 18.363 15.268 -31.49
221 431 525 6 19.624 17.21941748 -29.85
222 431 526 14.4 19.859 13.86534091 -30.33
223 432 527 6.375 20.159 16.29593909 -31.02
224 432 528 6 22.96 15.01338583 -30.91
225 432 529 4 20.661 18.05551948 -30.86
226 432 529 8 18.431 15.25326087 -31.43
227 432 527 0 22.781 18.57159091 -99
228 432 528 13.8125 17.592 18.88983051 -31.56
229 432 527 31.23076923 17.315 12.94009434 -30.5
230 432 529 4.571428571 18.538 16.82730769 -31.26
231 432 528 30.33333333 20.857 11.6295302 -31.15
232 433 530 84.33333333 14.89 12.36153846 -30.84
233 433 531 20 15.99 10.6259542 -29.54
234 433 532 69 19.962 17.29837838 -30.73
235 433 530 3.75 22.477 14.29024919 -30.54
236 433 531 16 25.891 14.01506849 -31.07
237 433 532 6 20.6 19.05924171 -31.89
238 433 532 6 18.499 17.88957055 -31.13
239 433 531 0 23.71 18.04519573 -31.32
240 433 530 0 20.1 18.36347305 -99
241 434 533 -99 19.27 16.01666667 -31.33
242 434 534 7.875 20.544 18.64979757 -29.91
243 434 533 0 17.013 21.34132231 -31.27
244 434 535 1 20.421 22.40731707 -31.47
245 434 534 0 27.725 42.20408163 -99
246 434 534 5.333333333 -99 5.721981424 -29.72
247 434 535 25.84615385 21.471 19.74723926 -30.67
248 434 533 17.33333333 21.167 11.65227273 -30.7
249 435 536 4 16.456 15.36373333 -29.55
250 435 537 0 17.837 14.082263 -29.12
251 435 538 38.4 20.452 15.76066667 -29.7
252 435 538 42 23.369 16.47454545 -30.51
253 435 537 20.8 22.574 16.57370892 -30.22
254 435 536 20.77777778 24.44 22.43305785 -30.51
255 435 538 13.2 18.35 15.9587963 -30.17
256 435 537 0 18.978 16.48415842 -99
257 435 536 15.27272727 22.005 11.56587838 -30.67
258 436 539 12 23.131 19.81690647 -30.91
259 436 540 34 26.495 15.87083333 -31.65
260 436 541 7.142857143 23.832 14.54153846 -30.78
261 436 541 6 21.21 10.95443787 -31.3
262 436 540 4.307692308 23.771 13.75181818 -32.09
263 436 539 23.14285714 -99 19.24822888 -31.27
264 436 539 45.23809524 26.5 13.65756303 -30.71
265 436 541 0 23.89 16.08510638 -30.97
266 436 540 9 23.888 19.08974359 -30.81
267 437 542 31.08 24.19 8.768957154 -29.51
268 437 543 23.83333333 18.326 16.95154321 -29.81
269 437 544 8.076923077 21.166 20.00054054 -29.91
270 437 542 3 17.714 13.23387755 -31.5
271 437 544 9.5 21.336 16.59509804 -30.25
272 437 543 0 20.825 13.88551237 -31.46
273 437 544 0 23.025 12.48965517 -99
274 437 543 12.57142857 25.071 12.11013986 -29.36
275 437 542 22.66666667 20.065 13.72791328 -29.29
276 438 545 5 19.156 15.4278481 -30.23
277 438 546 15.27272727 22.099 14.27269841 -29.81
278 438 547 9 18.108 19.53821138 -30.17
279 438 546 68.45833333 24.389 16.74702703 -28.98
280 438 547 0 -99 -99 -30.51
281 438 545 16 22.279 34.18920455 -31.66
282 438 545 28 23.17 15.17908163 -30.57
283 438 547 8.4 18.069 17.02330508 -30.7
284 438 546 21 25.675 20.22222222 -30.07
285 439 548 10.28571429 22.207 14.302 -30.01
286 439 549 5 -99 23.76571429 -31.52
287 439 550 51 21.954 18.8372093 -31.16
288 439 548 11 22.591 13.73972603 -30.99
289 439 550 29 22.118 38.85 -31.25
290 439 549 1 25.488 17.61214953 -31.06
291 439 550 13.92857143 19.068 42.43958333 -30.93
292 439 548 0 18.956 16.40417755 -31.54
293 439 549 38.23529412 24.023 16.05986622 -29.74
294 440 551 8 20.479 20.36772616 -31.24
295 440 552 7 23.631 24.99863946 -30.75
296 440 553 24 21.396 15.40467033 -31.07
297 440 551 7 20.213 16.83404255 -99
298 440 553 24.21052632 23.256 15.88955224 -30.42
299 440 552 4 20.461 11.25484765 -31.18
300 440 552 0 22.76 12.78785942 -99
301 440 553 27.42857143 22.947 16.23197674 -29.93
302 440 551 34 25.13 19.29039301 -30.01
303 441 554 25 -99 14.99245283 -30.62
304 441 555 15 15.716 11.46695652 -30.55
305 441 554 15 22.247 15.50026385 -30.63
306 441 555 0 20.603 12.33383459 -31.47
307 441 556 11.57142857 23.042 14.25429864 -30.23
308 441 554 147.275 22.329 13.87040816 -99
309 441 555 5 20.436 14.42960289 -31.24
310 442 557 6 26.319 16.82657807 -31.2
311 442 558 49 26.863 12.41688312 -31.48
312 442 559 4 23.41 14.72546584 -99
313 442 558 1 20.23 17.37591623 -99
314 442 557 7.5 24.326 15.35764706 -31.26
315 442 559 9.9 27.198 18.10862069 -32.1
316 442 559 56 21.059 15.39450549 -30.64
317 442 558 49.08333333 25.248 17.00361446 -30.28
318 442 557 27.5 26.107 17.73811563 -29.12
319 443 560 28 19.99 12.7489011 -30.49
320 443 561 0 24.879 17.4652027 -99
321 443 562 9 16.065 21.06195652 -29.75
322 443 560 7 21.729 22.63736264 -29.74
323 443 562 4 -99 22.57723577 -29.54
324 443 561 0 -99 17.66940299 -30.2
325 443 560 2.5 17.01 17.06280488 -30.96
326 443 562 5 21.972 19.19289617 -99
327 444 563 48.72 23.835 15.80825688 -30.21
328 444 564 8 24.954 -99 -99
329 444 565 25.84615385 21.336 17.545 -30.5
330 444 563 9 18.183 16.33184524 -30.26
331 444 565 5.384615385 18.805 18.76900585 -32.13
332 444 564 174 25.207 14.63875969 -31.04
333 444 563 43 22.536 14.10122449 -99
334 444 565 4 25.3 17.48 -31.21
335 444 564 60 26.981 16.92765957 -30.56
336 445 566 2.4 18.034 -99 -31.1
337 445 567 16.71428571 19.413 -99 -31.39
338 445 568 21 21.607 17.15700935 -30.03
339 445 568 1 21.137 13.5528 -99
340 445 566 31.5 24.561 22.80916667 -30.65
341 445 567 86.31578947 21.772 14.95535714 -30.42
342 445 566 45 24.322 16.24657534 -30.54
343 445 568 0 18.031 9.77739726 -31.98
344 445 567 6 19.862 11.604 -30.21
345 446 569 5 23.514 14.94690722 -30.59
346 446 570 0 20.842 14.29064516 -30.62
347 446 571 14 22.9 15.03974359 -30.94
348 446 570 27 19.332 21.61034483 -30.42
349 446 569 15 23.496 17.58606557 -31.63
350 446 571 15.07692308 21.644 15.77257143 -30.82
351 446 569 7.875 -99 11.77111111 -30.27
352 446 571 65.16666667 24.9 18.0931677 -30.39
353 446 570 16.36363636 20.884 19.46352941 -30.95
354 447 572 62 22.906 19.78215768 -31.51
355 447 573 0 23.37 -99 -99
356 447 574 2 23.341 12.76125 -31.04
357 447 574 6 22.796 21.68623188 -32.6
358 447 572 15 22.878 15.78134557 -31.65
359 447 573 59.4 22.417 19.04950495 -31.62
360 447 574 55.53333333 12.51 14.60389972 -31.57
361 447 572 29 23.528 12.38153846 -31.42
362 447 573 14 25.964 18.52678571 -99
363 448 575 9 21.01 14.28345324 -30.99
364 448 576 7 21.897 20.05434243 -30.77
365 448 577 21.9047619 26.309 15.99122807 -30.36
366 448 575 25.09090909 25.304 16.43521127 -30.68
367 448 576 14 18.292 16.75338346 -31.45
368 448 577 3 13.794 22.9352518 -30.39
369 448 576 209.5428571 24.471 16.89863946 -29.62
370 448 577 6 23.2 18.65882353 -31.08
371 448 575 0 17.317 12.66649215 -30.25
372 449 578 0 23.408 19.60301003 -99
373 449 579 0 19.759 18.70719424 -30.27
374 449 580 11.66666667 19.18 17.55590909 -30.94
375 449 580 4 21.788 13.80970149 -31.98
376 449 579 6 18.544 17.90630631 -30.49
377 449 578 0 23.755 16.71 -99
378 449 579 2.714285714 23.06 15.33333333 -29.81
379 449 580 11.11111111 21.841 13.17045455 -29.55
380 449 578 32 22.211 12.93641026 -29.39
381 450 581 7 22.486 18.31716418 -31.47
382 450 582 8 22.12 13.43928571 -30.76
383 450 583 4 22.081 14.93809524 -31.4
384 450 582 16 22.508 17.18385417 -31.59
385 450 583 0 19.36 15.62340426 -99
386 450 581 2.5 19.007 18.77567568 -31.31
387 450 581 1.333333333 -99 89.484 -31.13
388 450 583 7.714285714 25.194 19.56052632 -31.44
389 450 582 30.8125 22.737 14.5538835 -31.2
390 451 584 11 19.275 15.09322034 -29.64
391 451 585 57.24 23.471 21.92822581 -30.44
392 451 586 6 24.779 11.61907514 -30.25
393 451 585 13.2 -99 28.70764706 -29.97
394 451 586 1 21.815 20.43557692 -99
395 451 584 8 17.756 15.5757085 -99
396 451 586 4 21.2 15.09932432 -99
397 451 584 5 22.51 21.30052632 -31.05
398 451 585 63.14814815 20.687 12.45166667 -31.18
399 452 587 1.5 17.534 -99 -31.31
400 452 588 2 22.254 20.82817869 -31.56
401 452 589 17.11111111 19.34 18.81375465 -31.67
402 452 588 0 -99 23.5975 -99
403 452 589 10.5 26.106 20.92300885 -29.85
404 452 587 -99 22.051 14.33191489 -32.33
405 452 588 15 26.172 15.40617284 -30.36
406 452 589 10.88888889 22.741 13.55137615 -30.07
407 0 0 -99 -99 -99 -99
408 0 0 -99 -99 -99 -99
409 0 0 -99 -99 -99 -99
410 0 0 -99 -99 -99 -99
411 0 0 -99 -99 -99 -99
412 0 0 -99 -99 -99 -99
413 0 0 -99 -99 -99 -99
414 0 0 -99 -99 -99 -99
415 0 0 -99 -99 -99 -99
416 0 0 -99 -99 -99 -99
417 0 0 -99 -99 -99 -99
418 0 0 -99 -99 -99 -99
419 0 0 -99 -99 -99 -99
420 0 0 -99 -99 -99 -99
421 0 0 -99 -99 -99 -99
422 0 0 -99 -99 -99 -99
423 0 0 -99 -99 -99 -99
424 0 0 -99 -99 -99 -99
425 0 0 -99 -99 -99 -99
426 0 0 -99 -99 -99 -99
427 0 0 -99 -99 -99 -99
428 0 0 -99 -99 -99 -99
429 0 0 -99 -99 -99 -99
430 0 0 -99 -99 -99 -99
431 0 0 -99 -99 -99 -99
432 0 0 -99 -99 -99 -99
433 0 0 -99 -99 -99 -99
434 0 0 -99 -99 -99 -99
435 0 0 -99 -99 -99 -99
436 0 0 -99 -99 -99 -99
437 0 0 -99 -99 -99 -99
438 0 0 -99 -99 -99 -99
439 0 0 -99 -99 -99 -99
440 0 0 -99 -99 -99 -99
441 0 0 -99 -99 -99 -99
442 0 0 -99 -99 -99 -99
443 0 0 -99 -99 -99 -99
444 0 0 -99 -99 -99 -99
445 0 0 -99 -99 -99 -99
446 0 0 -99 -99 -99 -99
447 0 0 -99 -99 -99 -99
448 0 0 -99 -99 -99 -99
449 0 0 -99 -99 -99 -99
450 0 0 -99 -99 -99 -99
451 0 0 -99 -99 -99 -99
452 0 0 -99 -99 -99 -99
453 0 0 -99 -99 -99 -99
454 0 0 -99 -99 -99 -99
455 0 0 -99 -99 -99 -99
456 0 0 -99 -99 -99 -99
457 0 0 -99 -99 -99 -99
458 0 0 -99 -99 -99 -99
459 0 0 -99 -99 -99 -99
460 0 0 -99 -99 -99 -99
461 0 0 -99 -99 -99 -99
462 0 0 -99 -99 -99 -99
463 0 0 -99 -99 -99 -99
464 0 0 -99 -99 -99 -99
465 0 0 -99 -99 -99 -99
466 0 0 -99 -99 -99 -99
467 0 0 -99 -99 -99 -99
468 0 0 -99 -99 -99 -99
469 0 0 -99 -99 -99 -99
470 0 0 -99 -99 -99 -99
471 0 0 -99 -99 -99 -99
472 0 0 -99 -99 -99 -99
473 0 0 -99 -99 -99 -99
474 0 0 -99 -99 -99 -99
475 0 0 -99 -99 -99 -99
476 0 0 -99 -99 -99 -99
477 0 0 -99 -99 -99 -99
478 0 0 -99 -99 -99 -99
479 0 0 -99 -99 -99 -99
480 0 0 -99 -99 -99 -99
481 0 0 -99 -99 -99 -99
482 0 0 -99 -99 -99 -99
483 0 0 -99 -99 -99 -99
484 0 0 -99 -99 -99 -99
485 0 0 -99 -99 -99 -99
486 0 0 -99 -99 -99 -99
487 0 0 -99 -99 -99 -99
488 0 0 -99 -99 -99 -99
489 0 0 -99 -99 -99 -99
490 0 0 -99 -99 -99 -99
491 0 0 -99 -99 -99 -99
492 0 0 -99 -99 -99 -99
493 0 0 -99 -99 -99 -99
494 0 0 -99 -99 -99 -99
495 0 0 -99 -99 -99 -99
496 0 0 -99 -99 -99 -99
497 0 0 -99 -99 -99 -99
498 0 0 -99 -99 -99 -99
499 0 0 -99 -99 -99 -99
500 0 0 -99 -99 -99 -99
501 0 0 -99 -99 -99 -99
502 0 0 -99 -99 -99 -99
503 0 0 -99 -99 -99 -99
504 0 0 -99 -99 -99 -99
505 0 0 -99 -99 -99 -99
506 0 0 -99 -99 -99 -99
507 0 0 -99 -99 -99 -99
508 0 0 -99 -99 -99 -99
509 0 0 -99 -99 -99 -99
510 0 0 -99 -99 -99 -99
511 0 0 -99 -99 -99 -99
512 0 0 -99 -99 -99 -99
513 0 0 -99 -99 -99 -99
514 0 0 -99 -99 -99 -99
515 0 0 -99 -99 -99 -99
516 0 0 -99 -99 -99 -99
517 0 0 -99 -99 -99 -99
518 0 0 -99 -99 -99 -99
519 0 0 -99 -99 -99 -99
520 0 0 -99 -99 -99 -99
521 0 0 -99 -99 -99 -99
522 0 0 -99 -99 -99 -99
523 0 0 -99 -99 -99 -99
524 0 0 -99 -99 -99 -99
525 0 0 -99 -99 -99 -99
526 0 0 -99 -99 -99 -99
527 0 0 -99 -99 -99 -99
528 0 0 -99 -99 -99 -99
529 0 0 -99 -99 -99 -99
530 0 0 -99 -99 -99 -99
531 0 0 -99 -99 -99 -99
532 0 0 -99 -99 -99 -99
533 0 0 -99 -99 -99 -99
534 0 0 -99 -99 -99 -99
535 0 0 -99 -99 -99 -99
536 0 0 -99 -99 -99 -99
537 0 0 -99 -99 -99 -99
538 0 0 -99 -99 -99 -99
539 0 0 -99 -99 -99 -99
540 0 0 -99 -99 -99 -99
541 0 0 -99 -99 -99 -99
542 0 0 -99 -99 -99 -99
543 0 0 -99 -99 -99 -99
544 0 0 -99 -99 -99 -99
545 0 0 -99 -99 -99 -99
546 0 0 -99 -99 -99 -99
547 0 0 -99 -99 -99 -99
548 0 0 -99 -99 -99 -99
549 0 0 -99 -99 -99 -99
550 0 0 -99 -99 -99 -99
551 0 0 -99 -99 -99 -99
552 0 0 -99 -99 -99 -99
553 0 0 -99 -99 -99 -99
554 0 0 -99 -99 -99 -99
555 0 0 -99 -99 -99 -99
556 0 0 -99 -99 -99 -99
557 0 0 -99 -99 -99 -99
558 0 0 -99 -99 -99 -99
559 0 0 -99 -99 -99 -99
560 0 0 -99 -99 -99 -99
561 0 0 -99 -99 -99 -99
562 0 0 -99 -99 -99 -99
563 0 0 -99 -99 -99 -99
564 0 0 -99 -99 -99 -99
565 0 0 -99 -99 -99 -99
566 0 0 -99 -99 -99 -99
567 0 0 -99 -99 -99 -99
568 0 0 -99 -99 -99 -99
569 0 0 -99 -99 -99 -99
570 0 0 -99 -99 -99 -99
571 0 0 -99 -99 -99 -99
572 0 0 -99 -99 -99 -99
573 0 0 -99 -99 -99 -99
574 0 0 -99 -99 -99 -99
575 0 0 -99 -99 -99 -99
576 0 0 -99 -99 -99 -99
577 0 0 -99 -99 -99 -99
578 0 0 -99 -99 -99 -99
579 0 0 -99 -99 -99 -99
580 0 0 -99 -99 -99 -99
581 0 0 -99 -99 -99 -99
582 0 0 -99 -99 -99 -99
583 0 0 -99 -99 -99 -99
584 0 0 -99 -99 -99 -99
585 0 0 -99 -99 -99 -99
586 0 0 -99 -99 -99 -99
587 0 0 -99 -99 -99 -99
588 0 0 -99 -99 -99 -99
589 0 0 -99 -99 -99 -99
0      