2 5 0 1 0   
0       
1 392 438 0 -99 24.197 -99 -30.45
2 392 439 -99 -99 -99 -99 -30.49
3 392 438 40.53333333 140.7288696 25.386 -99 -30.15
4 392 438 3 1.53 22.049 -99 -31.2
5 392 439 57.41666667 133.6203334 25.665 22.59124424 -30.76
6 392 440 12.5 36.78 24.801 18.15445545 -32
7 392 440 0 -99 -99 -99 -31.53
8 392 440 6 14.96 -99 -99 -28.63
9 392 439 2 6.375 22.589 -99 -32.05
10 393 441 2 3.72 26.293 19.64450867 -99
11 393 442 0 -99 -99 -99 -31.1
12 393 442 1 5.04 12.046 -99 -99
13 393 443 5 12.67 -99 21.58018868 -99
14 393 442 -99 -99 19.578 -99 -99
15 393 443 -99 -99 19.959 -99 -31.22
16 393 441 12 7.23 17.514 -99 -31.36
17 393 441 -99 -99 -99 -99 -99
18 393 443 12.6 61.18 20.333 21.34269663 -29.6
19 394 444 22.5 100.65 24.061 23.1943609 -27.92
20 394 445 0 -99 18.873 -99 -99
21 394 444 17 22.07625 -99 -99 -30.27
22 394 446 2 9.585 -99 19.94536082 -31.22
23 394 445 -99 -99 23.356 -99 -99
24 394 445 0 -99 -99 -99 -99
25 394 444 0 -99 -99 -99 -30.95
26 394 446 3.5 9.24 22.341 23.20697674 -30.46
27 395 447 0 -99 -99 -99 -99
28 395 448 9 29.4525 -99 25.13938356 -29.94
29 395 448 22.5 41.00133334 23.494 -99 -28.34
30 395 447 13.5 46.93333333 28.614 -99 -30.45
31 395 449 -99 -99 19.201 -99 -29.8
32 395 449 5 7.875 23.902 -99 -30.56
33 395 449 3 0 -99 -99 -30.72
34 395 447 5 11.95 24.953 -99 -29.07
35 396 450 -99 -99 -99 -99 -30.69
36 396 450 -99 -99 23.627 -99 -99
37 396 451 -99 -99 21.863 21.70274725 -32.27
38 396 452 3 20.3525 -99 16.69815951 -29.68
39 396 450 30 28.11000001 25.826 -99 -30.26
40 396 452 3 13.04333333 18.091 -99 -31.6
41 396 451 20 39.652 -99 -99 -30.7
42 396 452 12 66.8525 20.397 -99 -29.64
43 397 453 4 5.26 16.272 23.15582822 -29.94
44 397 454 18 13.8 -99 21.98629032 -31.36
45 397 455 -99 -99 23.411 -99 -30.94
46 397 454 0 -99 22.517 -99 -99
47 397 453 5.333333333 17.96666667 22.226 -99 -30.18
48 397 455 25 40.848 -99 -99 -31.15
49 397 453 -99 -99 19.381 -99 -31.73
50 398 456 1 21.9 26.489 20.58115942 -31.52
51 398 457 8 10.22 22.237 15.66923077 -30.27
52 398 457 29.25 49.90222222 20.511 -99 -30.02
53 398 456 1 4.76 19.385 -99 -30.32
54 398 458 10.5 34.04857143 24.919 -99 -30.21
55 398 457 18.66666667 27.67357143 22.279 -99 -30.14
56 398 456 0 -99 23.741 15.06464646 -30.84
57 398 458 -99 -99 -99 -99 -30.33
58 398 458 0 -99 -99 -99 -99
59 399 459 0 -99 23.851 22.87323944 -99
60 399 460 10.5 24.84625 -99 -99 -30.04
61 399 459 3 13.84 -99 24.11490683 -29.55
62 399 461 27.5 87.65 21.8 19.65962733 -30.89
63 399 460 0 -99 21.915 -99 -99
64 399 459 0 -99 14.695 -99 -99
65 399 461 12 5.529999999 24.391 -99 -31.21
66 399 460 -99 -99 20.341 -99 -30.28
67 399 461 0 -99 -99 16.89295775 -29.7
68 400 462 4 24.5375 18.122 16.07364865 -30.25
69 400 463 0 -99 16.904 -99 -99
70 400 464 3 9.459999999 20.603 19.4212766 -29.7
71 400 462 3 5.55 25.493 -99 -30.16
72 400 464 4.5 15.16666667 -99 22.09534884 -30.54
73 400 464 6 18.48333333 27.45 -99 -30.43
74 400 463 25 62.1504 26.182 20.36592593 -30.43
75 400 463 -99 -99 25.621 -99 -30.25
76 400 462 -99 -99 -99 -99 -30.49
77 401 465 3.333333333 6.3 12.489 -99 -31.69
78 401 466 18 15.27 -99 18.6990991 -30.21
79 401 465 3.333333333 4.825 -99 16.11827957 -30.1
80 401 466 0 -99 23.866 -99 -99
81 401 466 8 39.67833334 24.162 -99 -29.76
82 401 467 0 -99 24.132 21.11812865 -30.82
83 402 468 -99 -99 15.161 22.46625 -99
84 402 469 -99 -99 24.234 -99 -30.79
85 402 468 -99 -99 19.43 -99 -99
86 402 470 0 -99 23.883 -99 -99
87 402 470 9 8.19 -99 17.48896104 -29.52
88 402 470 14.4 16.3125 29.077 -99 -30.22
89 402 468 4.571428571 28.62 -99 -99 -29.19
90 402 469 -99 -99 30.266 -99 -30.14
91 402 469 5 48.71916666 -99 15.84225352 -30.65
92 403 471 18 39.30273809 20.83 21.2255814 -30.97
93 403 471 19.2 36.958125 23.558 19.2641791 -30.47
94 403 472 10 7.602 -99 18.19137931 -28.27
95 403 473 5.25 22.05 17.996 22.2025974 -30.86
96 403 473 19.2 12.8625 -99 19.69913043 -30.68
97 403 473 11 16.455 -99 20.3827381 -32.3
98 403 472 1 2.8 24.804 20.54453782 -30.31
99 403 471 14 19.44 26.502 15.03913043 -30.55
100 404 474 3 12.69 16.511 17.20096154 -29.87
101 404 475 8 54.8275 -99 18.56875 -30.88
102 404 475 38.57142857 81.24666666 24.025 17.88444444 -99
103 404 474 20.57142857 48.37066667 21.526 15.2042735 -30.05
104 404 474 6.666666667 16.57 15.056 -99 -29.46
105 404 476 45.82352941 243.7388462 23.021 15.70442478 -30.07
106 404 476 4.5 8.053333332 18.563 -99 -30.97
107 404 476 1 7.94 -99 -99 -30.1
108 404 475 0 -99 21.796 -99 -99
109 405 477 0 -99 -99 -99 -99
110 405 478 -99 -99 25.562 19.842 -99
111 405 478 10 27.612 29.244 -99 -30.36
112 405 479 21.33333333 32.85 26.061 17.49401198 -31.3
113 405 479 2 0.975 -99 18.99612069 -31.07
114 405 477 23.14285714 55.269 -99 -99 -30.39
115 405 478 0 -99 22.427 -99 -31.55
116 405 479 10 40.953 26.202 21.43164557 -30.13
117 405 477 0 -99 -99 -99 -99
118 406 480 0 -99 21.494 -99 -99
119 406 481 20 21.21625 27.309 20.557 -30.73
120 406 482 16.5 19.77 -99 25.35983607 -30.57
121 406 480 0 -99 -99 -99 -31
122 406 482 27 58.9535294 19.575 19.84449541 -30.17
123 406 480 5 15.264 24.145 -99 -29.85
124 406 481 19 44.80578947 25.503 19.81918605 -30.79
125 406 481 -99 -99 -99 -99 -31.41
126 406 482 -99 -99 21.796 -99 -28.97
127 407 483 0 -99 19.626 -99 -30.69
128 407 484 6 44.34666666 25.041 17.57225131 -99
129 407 483 4 6.91 23.935 21.40882353 -31.35
130 407 483 -99 -99 20.576 21.78018018 -29.38
131 407 485 16 38.115 24.545 17.33680556 -30.22
132 407 485 0 -99 23.492 -99 -29.56
133 407 484 1.666666667 3 23.569 15.60119048 -30.34
134 407 485 6 23.86 24.845 -99 -99
135 407 484 -99 -99 20.611 -99 -30.69
136 408 486 10.5 20.4 22.023 -99 -29.6
137 408 487 0 -99 -99 18.8647619 -28.66
138 408 487 1.5 2.1 -99 12.98044164 -29.92
139 408 486 2 6.2 -99 -99 -99
140 408 488 37.33333333 32.81000001 24.355 -99 -29.84
141 408 486 2 11.295 21.614 18.83305785 -29.05
142 408 488 6 7.938 21.958 -99 -29.62
143 408 488 4 10.6925 21.3 -99 -31.21
144 409 489 0 -99 18.848 -99 -31.42
145 409 490 4 22.92 26.57 -99 -31.7
146 409 489 4 5.175 19.736 -99 -99
147 409 490 -99 -99 25.289 21.01188119 -31.14
148 409 491 3 20.35 22.868 -99 -30.96
149 409 491 0 -99 -99 21.86388889 -99
150 409 490 10.5 16.29714286 17.34 -99 -30.07
151 409 489 25 73.3313961 19.587 -99 -30.25
152 409 491 4 6.413333332 23.811 -99 -99
153 410 492 24 73.59915791 -99 17.58090909 -30.53
154 410 493 21 108.304 -99 22.18928571 -30.31
155 410 494 1 9.4 22.219 -99 -30.46
156 410 494 3 13.86 23.699 23.0462766 -30.5
157 410 493 7.5 12.299 -99 17.03778802 -30.82
158 410 493 0 -99 21.574 13.10608696 -30.04
159 410 492 6 4.83 24.353 21.08782051 -30.88
160 410 492 0 -99 -99 -99 -29.74
161 410 494 0 -99 -99 -99 -99
162 411 495 0 -99 21.924 -99 -99
163 411 496 51.75 125.578 18.829 22.39565217 -30.28
164 411 497 14 55.848125 -99 26.73981043 -30.61
165 411 496 14 36.65025 19.692 19.66171875 -30.9
166 411 497 39.11111111 124.8978571 25.195 19.20508475 -29.81
167 411 496 0 -99 19.435 -99 -29.9
168 411 495 0 -99 24.113 19.23255814 -29.78
169 411 497 9 20.17888888 25.05 -99 -31.26
170 411 495 6.666666667 8.0675 -99 21.94358974 -31.97
171 412 498 14 39.76666666 25.342 -99 -30.04
172 412 499 0 -99 22.034 -99 -99
173 412 500 8 31.72766666 -99 23.96744186 -31.23
174 412 499 0 -99 -99 19.57733333 -99
175 412 499 28 132.7355556 26.602 17.4442623 -28.44
176 412 500 8 15.06 27.132 -99 -30.73
177 412 500 0 -99 25.744 17.09485294 -30.34
178 412 498 0 -99 22.346 20.2853598 -29.52
179 412 498 0 -99 -99 -99 -99
180 413 501 7 23.235 24.194 15.70818713 -30.59
181 413 502 2 4.53 23.021 18.81925926 -30.45
182 413 503 27.6 55.56142858 23.829 16.87328244 -29.86
183 413 503 0 -99 24.877 25.10058824 -29.85
184 413 503 4.5 17.05 -99 20.3394958 -30.89
185 413 501 4 6.87 24.754 20.41408451 -30.76
186 413 502 1.2 6.05 20.514 -99 -29.5
187 413 501 0 -99 23.397 -99 -30.38
188 413 502 11 39.39363636 18.507 -99 -30.69
189 414 504 10.5 16.31666667 21.952 -99 -31.12
190 414 504 13.5 49.245 -99 19.57099237 -30.46
191 414 505 22.22222222 55.27666668 24.002 20.84807692 -29.97
192 414 505 -99 -99 30.098 22.9779661 -29.84
193 414 505 35.54545455 129.4276667 -99 22.63318386 -28.79
194 414 506 10 11.25 19.833 28.16666667 -99
195 414 506 0 -99 21.826 -99 -28.7
196 414 504 0 -99 24.59 -99 -30.67
197 414 506 3 5.946666668 21.29 16.52934783 -99
198 415 507 35.35714286 134.162 26.564 19.31611722 -29.93
199 415 508 9 28.00125 17.073 -99 -29.7
200 415 507 13.33333333 22.92 20.16 -99 -30.89
201 415 507 12 32.2725 19.343 -99 -30.57
202 415 508 8 8.3125 23.946 -99 -29.76
203 415 509 18 20.18 17.194 21.5975 -30.25
204 415 509 4 4.35 -99 -99 -29.89
205 415 509 0 -99 -99 -99 -30.8
206 415 508 0 -99 -99 -99 -30.25
207 416 510 5 12.834 22.521 16.15957447 -30.64
208 416 511 0 -99 21.057 -99 -99
209 416 511 3 10.78333334 -99 -99 -30.96
210 416 510 4 13.5625 19.885 -99 -29.61
211 416 510 22.5 30.76733333 22.422 -99 -29.47
212 416 511 14.66666667 29.46 25.132 17.27202381 -32.12
213 417 512 8 17.6 21.113 29.73666667 -30.74
214 417 513 -99 -99 25.369 23.08983051 -31.12
215 417 514 6 7.26 20.526 20.34796748 -30.88
216 417 512 4 9.54 -99 -99 -31.19
217 417 514 0 -99 -99 18.89680851 -30.2
218 417 512 9 10.1 22.198 -99 -29.51
219 417 513 2 9.56 -99 -99 -29.49
220 417 513 21 35.505 21.22 20.24965986 -29.74
221 417 514 -99 -99 -99 -99 -31.59
222 418 515 6 16.44 19.573 18.03509615 -31.16
223 418 516 149.3333333 250.4298333 24.959 16.936875 -30.51
224 418 517 4 11.81 24.556 20.5875 -99
225 418 516 6 33.225 25.435 15.63867925 -29.86
226 418 517 9 10.03333333 25.238 -99 -30.24
227 418 515 6 3.72 29.306 -99 -30.58
228 418 515 2 4.61 -99 23.29495413 -30.18
229 418 517 0 -99 18.535 -99 -99
230 418 516 0 -99 -99 -99 -99
231 419 518 15.75 54.03916667 22.449 22.45053191 -29.99
232 419 519 23.4 75.44625 26.147 20.58525641 -29.58
233 419 519 -99 -99 -99 22.33611111 -30.68
234 419 520 53.33333333 118.3875 23.517 -99 -29.55
235 419 520 10 21.06 23.021 -99 -29.65
236 419 518 10.5 11.79 21.266 20.55064935 -29.52
237 419 520 11 40.87727274 -99 -99 -30.78
238 419 519 3 6.759999999 27.074 -99 -30.46
239 419 518 0 -99 22.773 17.46954545 -29.63
240 420 521 0 -99 26.235 15.53225806 -99
241 420 522 17.5 16.20142857 20.563 -99 -30.34
242 420 521 7.2 32.32166666 22.491 20.99491525 -31.27
243 420 521 4 18.86 -99 19.99285714 -29.73
244 420 523 13.2 31.97541666 18.51 -99 -29.49
245 420 523 -99 -99 27.425 -99 -99
246 420 523 0 -99 -99 -99 -99
247 421 524 3 11.93333334 22.625 13.93824885 -30.97
248 421 524 5 16.625 -99 17.5744898 -31.64
249 421 524 2 2.86 -99 -99 -99
250 421 525 10 74.70375 21.53 19.32244898 -31.4
251 421 526 0 -99 22.993 18.06853583 -29.07
252 421 526 12 12.45 21.641 16.79333333 -30.8
253 421 525 9.6 35.574 22.982 18.2387931 -30.52
254 421 525 1.5 12.87 -99 15.53574661 -29.52
255 421 526 3 6.04 19.869 17.17314815 -29.24
256 422 527 9.625 53.07166668 22.797 15.48292683 -30.17
257 422 528 0 -99 22.432 -99 -99
258 422 527 16.8 19.99666666 22.102 -99 -99
259 422 529 16.8 56.13708333 23.245 21.12429907 -30.61
260 422 529 -99 -99 -99 -99 -30.27
261 422 527 16 12.92625 22.581 -99 -30.11
262 422 528 -99 -99 25.816 -99 -29.44
263 422 529 0 -99 19.993 16.95873016 -30.76
264 422 528 64.35714286 165.8138333 20.055 -99 -27.62
265 423 530 0 -99 23.953 -99 -99
266 423 531 0 -99 22.938 -99 -99
267 423 532 0 -99 -99 20.3 -99
268 423 531 22.16666667 91.82988095 15.391 -99 -29.35
269 423 531 18.66666667 20.5 -99 -99 -29.76
270 423 530 -99 -99 16.885 -99 -31.04
271 423 532 9 19.4975 28.364 21.93394495 -99
272 423 532 14 25.99142857 20.805 -99 -30.57
273 423 530 4 13.73 -99 -99 -30.54
274 424 533 0 -99 23.663 20.58378378 -99
275 424 534 3 13.64 -99 18.21640212 -99
276 424 535 4 21.66 22.323 21.96516129 -30.18
277 424 535 4 7.2 26.917 -99 -31.27
278 424 533 -99 -99 22.311 20.36292135 -30.55
279 424 535 4.666666667 2.31 19.485 20.94210526 -30.3
280 424 534 -99 -99 -99 -99 -31.55
281 424 533 -99 -99 22.244 -99 -29.95
282 425 536 11 15.69285714 25.546 -99 -31.15
283 425 536 0 -99 -99 14.47828571 -99
284 425 537 6 8.5 20.421 21.75 -30.23
285 425 538 0 -99 23.769 19.9875 -29.78
286 425 538 46.54545455 106.0088334 -99 22.31018519 -30.04
287 425 537 3 11.92 17.414 -99 -30.54
288 425 537 2 28.63 21.66 17.15154639 -29.91
289 425 536 0 -99 15.268 -99 -99
290 425 538 10 11.606 -99 -99 -31.12
291 426 539 4 7.44 -99 16.05295858 -29.65
292 426 539 11.66666667 53.75 -99 17.70384615 -31.28
293 426 540 45.09090909 73.94604168 26.142 -99 -30.04
294 426 539 0 -99 19.296 -99 -99
295 426 541 1.2 51 -99 19.04210526 -28.93
296 426 541 0 -99 22.512 -99 -99
297 426 541 -99 -99 -99 -99 -30.5
298 427 542 2 4.1 18.168 19.17395833 -31.55
299 427 543 2 9.675 23.575 -99 -30.86
300 427 542 21.6 40.97666667 21.586 20.15889571 -31.19
301 427 544 18 14.68 20.457 -99 -30.5
302 427 544 4 9.64 24.204 -99 -30.75
303 427 542 -99 -99 23.32 -99 -99
304 427 543 6 14.77333334 23.045 24.79516129 -29.84
305 427 543 0 -99 -99 -99 -99
306 427 544 0 -99 -99 -99 -99
307 428 545 0 -99 16.855 25.04553571 -30.75
308 428 546 1 72.75 26.483 -99 -31.57
309 428 547 0 -99 23.152 -99 -30.47
310 428 546 13.33333333 52.06 22.651 21.35700483 -29.92
311 428 545 11.66666667 30.135 27.018 24.42727273 -28.42
312 428 547 9 4.2 21.569 -99 -31.32
313 428 545 7.5 11.71 26.637 -99 -29.85
314 428 546 14 49.56666666 -99 22.68604651 -30.4
315 428 547 -99 -99 -99 -99 -30.61
316 429 548 0 -99 22.048 19.42901786 -99
317 429 549 0 -99 -99 -99 -99
318 429 549 4 6.7375 -99 -99 -99
319 429 549 13.33333333 44.528 22.864 15.202 -32.35
320 429 550 4 30.52 21.31 19.87112676 -30.79
321 429 550 5 70.432 21.924 19.81609195 -30.38
322 429 548 0 -99 20.04 -99 -99
323 429 548 0 -99 16.753 -99 -30.84
324 429 550 -99 -99 -99 -99 -30.69
325 430 551 14 17.07 22.09 -99 -29.81
326 430 552 44.46153846 117.6432281 20.336 -99 -30.4
327 430 551 8 7.63 22.225 -99 -30.98
328 430 553 0 -99 19.057 -99 -30.59
329 430 552 2 4.38 20.089 -99 -30.59
330 430 552 -99 -99 -99 -99 -29.05
331 430 551 0 -99 -99 -99 -99
332 430 553 5 10.188 22.709 -99 -30.21
333 430 553 9 17.36 -99 19.99583333 -29.88
334 431 554 3.333333333 20.84 18.976 20.56915888 -31.41
335 431 555 1 2.12 19.463 15.80322581 -31.38
336 431 554 5 22.698 21.864 22.53269231 -30.61
337 431 556 0 -99 18.345 -99 -30.42
338 431 555 0 -99 20.997 18.71666667 -99
339 431 556 25.6 24.32 20.434 -99 -30.21
340 431 554 31.5 39.69291668 23.53 18.3205298 -30.73
341 431 556 -99 -99 25.821 -99 -99
342 431 555 -99 -99 -99 -99 -99
343 432 557 12 46.891 -99 -99 -29.56
344 432 558 -99 -99 -99 -99 -99
345 432 559 40 41.00113636 22.662 21.23532609 -30.92
346 432 559 10 9.73 -99 19.58429752 -30.29
347 432 557 2 1.09 23.51 -99 -99
348 432 558 8 18.4 23.762 21.61176471 -31.16
349 432 557 6.666666667 43.654 23.516 15.87345133 -31.03
350 432 559 13 46.22681817 18.116 20.52173913 -30.02
351 432 558 3 14.48 20.919 -99 -31.19
352 433 560 0 -99 -99 -99 -30.34
353 433 561 5.714285714 53.94 24.694 -99 -30.43
354 433 560 3 7.040000001 22.313 -99 -30.94
355 433 561 0 -99 -99 19.80670391 -99
356 433 562 4 9.9575 23.182 -99 -30.44
357 433 561 6 5.379999999 21.702 -99 -30.62
358 433 560 31.5 49.565 25.305 20.37638889 -30.75
359 433 562 24 41.31300001 24.898 -99 -30.33
360 433 562 5 15.664 24.864 -99 -30.77
361 434 563 9.6 31.1 22.303 -99 -31.05
362 434 563 8 3.33 -99 -99 -31.06
363 434 564 22 47.67 20.173 -99 -30.15
364 434 563 9 9.36 23.925 17.74262295 -30.97
365 434 564 0 -99 23.25 -99 -29.95
366 434 565 8 7.7125 -99 17.54022989 -99
367 434 565 0 -99 -99 -99 -29.59
368 434 564 0 -99 22.163 15.06534296 -99
369 434 565 -99 -99 -99 -99 -99
370 435 566 -99 -99 24.651 -99 -99
371 435 567 3 14.8 21.427 -99 -99
372 435 567 -99 -99 -99 19.11428571 -30.49
373 435 566 -99 -99 24.414 -99 -30.19
374 435 567 30 61.70666666 19.531 -99 -31.06
375 435 568 0 -99 22.303 19.98139535 -30.53
376 435 568 2 12.78 -99 22.29912281 -30.48
377 435 568 27 23.03 -99 -99 -31.11
378 436 569 1 18.6 20.901 14.12943548 -30.54
379 436 570 0 -99 24.607 17.93139535 -30.19
380 436 571 0 -99 -99 -99 -99
381 436 569 8.75 33.02 -99 19.80152284 -29.82
382 436 571 -99 -99 24.904 -99 -30.73
383 436 570 12 8.73 22.342 -99 -29.74
384 436 570 -99 -99 20.775 17.60989583 -29.78
385 436 571 0 -99 18.854 -99 -99
386 437 572 10.66666667 17.26666667 26.854 -99 -31.32
387 437 573 2 7.215 25.326 20.47394958 -30.4
388 437 572 31.5 48.52692308 -99 22.5251497 -29.89
389 437 573 0 -99 21.569 -99 -30.47
390 437 572 -99 -99 -99 -99 -30.27
391 437 573 10 9.57 27.661 -99 -30.83
392 0 0 -99 -99 -99 -99 -99
393 0 0 -99 -99 -99 -99 -99
394 0 0 -99 -99 -99 -99 -99
395 0 0 -99 -99 -99 -99 -99
396 0 0 -99 -99 -99 -99 -99
397 0 0 -99 -99 -99 -99 -99
398 0 0 -99 -99 -99 -99 -99
399 0 0 -99 -99 -99 -99 -99
400 0 0 -99 -99 -99 -99 -99
401 0 0 -99 -99 -99 -99 -99
402 0 0 -99 -99 -99 -99 -99
403 0 0 -99 -99 -99 -99 -99
404 0 0 -99 -99 -99 -99 -99
405 0 0 -99 -99 -99 -99 -99
406 0 0 -99 -99 -99 -99 -99
407 0 0 -99 -99 -99 -99 -99
408 0 0 -99 -99 -99 -99 -99
409 0 0 -99 -99 -99 -99 -99
410 0 0 -99 -99 -99 -99 -99
411 0 0 -99 -99 -99 -99 -99
412 0 0 -99 -99 -99 -99 -99
413 0 0 -99 -99 -99 -99 -99
414 0 0 -99 -99 -99 -99 -99
415 0 0 -99 -99 -99 -99 -99
416 0 0 -99 -99 -99 -99 -99
417 0 0 -99 -99 -99 -99 -99
418 0 0 -99 -99 -99 -99 -99
419 0 0 -99 -99 -99 -99 -99
420 0 0 -99 -99 -99 -99 -99
421 0 0 -99 -99 -99 -99 -99
422 0 0 -99 -99 -99 -99 -99
423 0 0 -99 -99 -99 -99 -99
424 0 0 -99 -99 -99 -99 -99
425 0 0 -99 -99 -99 -99 -99
426 0 0 -99 -99 -99 -99 -99
427 0 0 -99 -99 -99 -99 -99
428 0 0 -99 -99 -99 -99 -99
429 0 0 -99 -99 -99 -99 -99
430 0 0 -99 -99 -99 -99 -99
431 0 0 -99 -99 -99 -99 -99
432 0 0 -99 -99 -99 -99 -99
433 0 0 -99 -99 -99 -99 -99
434 0 0 -99 -99 -99 -99 -99
435 0 0 -99 -99 -99 -99 -99
436 0 0 -99 -99 -99 -99 -99
437 0 0 -99 -99 -99 -99 -99
438 0 0 -99 -99 -99 -99 -99
439 0 0 -99 -99 -99 -99 -99
440 0 0 -99 -99 -99 -99 -99
441 0 0 -99 -99 -99 -99 -99
442 0 0 -99 -99 -99 -99 -99
443 0 0 -99 -99 -99 -99 -99
444 0 0 -99 -99 -99 -99 -99
445 0 0 -99 -99 -99 -99 -99
446 0 0 -99 -99 -99 -99 -99
447 0 0 -99 -99 -99 -99 -99
448 0 0 -99 -99 -99 -99 -99
449 0 0 -99 -99 -99 -99 -99
450 0 0 -99 -99 -99 -99 -99
451 0 0 -99 -99 -99 -99 -99
452 0 0 -99 -99 -99 -99 -99
453 0 0 -99 -99 -99 -99 -99
454 0 0 -99 -99 -99 -99 -99
455 0 0 -99 -99 -99 -99 -99
456 0 0 -99 -99 -99 -99 -99
457 0 0 -99 -99 -99 -99 -99
458 0 0 -99 -99 -99 -99 -99
459 0 0 -99 -99 -99 -99 -99
460 0 0 -99 -99 -99 -99 -99
461 0 0 -99 -99 -99 -99 -99
462 0 0 -99 -99 -99 -99 -99
463 0 0 -99 -99 -99 -99 -99
464 0 0 -99 -99 -99 -99 -99
465 0 0 -99 -99 -99 -99 -99
466 0 0 -99 -99 -99 -99 -99
467 0 0 -99 -99 -99 -99 -99
468 0 0 -99 -99 -99 -99 -99
469 0 0 -99 -99 -99 -99 -99
470 0 0 -99 -99 -99 -99 -99
471 0 0 -99 -99 -99 -99 -99
472 0 0 -99 -99 -99 -99 -99
473 0 0 -99 -99 -99 -99 -99
474 0 0 -99 -99 -99 -99 -99
475 0 0 -99 -99 -99 -99 -99
476 0 0 -99 -99 -99 -99 -99
477 0 0 -99 -99 -99 -99 -99
478 0 0 -99 -99 -99 -99 -99
479 0 0 -99 -99 -99 -99 -99
480 0 0 -99 -99 -99 -99 -99
481 0 0 -99 -99 -99 -99 -99
482 0 0 -99 -99 -99 -99 -99
483 0 0 -99 -99 -99 -99 -99
484 0 0 -99 -99 -99 -99 -99
485 0 0 -99 -99 -99 -99 -99
486 0 0 -99 -99 -99 -99 -99
487 0 0 -99 -99 -99 -99 -99
488 0 0 -99 -99 -99 -99 -99
489 0 0 -99 -99 -99 -99 -99
490 0 0 -99 -99 -99 -99 -99
491 0 0 -99 -99 -99 -99 -99
492 0 0 -99 -99 -99 -99 -99
493 0 0 -99 -99 -99 -99 -99
494 0 0 -99 -99 -99 -99 -99
495 0 0 -99 -99 -99 -99 -99
496 0 0 -99 -99 -99 -99 -99
497 0 0 -99 -99 -99 -99 -99
498 0 0 -99 -99 -99 -99 -99
499 0 0 -99 -99 -99 -99 -99
500 0 0 -99 -99 -99 -99 -99
501 0 0 -99 -99 -99 -99 -99
502 0 0 -99 -99 -99 -99 -99
503 0 0 -99 -99 -99 -99 -99
504 0 0 -99 -99 -99 -99 -99
505 0 0 -99 -99 -99 -99 -99
506 0 0 -99 -99 -99 -99 -99
507 0 0 -99 -99 -99 -99 -99
508 0 0 -99 -99 -99 -99 -99
509 0 0 -99 -99 -99 -99 -99
510 0 0 -99 -99 -99 -99 -99
511 0 0 -99 -99 -99 -99 -99
512 0 0 -99 -99 -99 -99 -99
513 0 0 -99 -99 -99 -99 -99
514 0 0 -99 -99 -99 -99 -99
515 0 0 -99 -99 -99 -99 -99
516 0 0 -99 -99 -99 -99 -99
517 0 0 -99 -99 -99 -99 -99
518 0 0 -99 -99 -99 -99 -99
519 0 0 -99 -99 -99 -99 -99
520 0 0 -99 -99 -99 -99 -99
521 0 0 -99 -99 -99 -99 -99
522 0 0 -99 -99 -99 -99 -99
523 0 0 -99 -99 -99 -99 -99
524 0 0 -99 -99 -99 -99 -99
525 0 0 -99 -99 -99 -99 -99
526 0 0 -99 -99 -99 -99 -99
527 0 0 -99 -99 -99 -99 -99
528 0 0 -99 -99 -99 -99 -99
529 0 0 -99 -99 -99 -99 -99
530 0 0 -99 -99 -99 -99 -99
531 0 0 -99 -99 -99 -99 -99
532 0 0 -99 -99 -99 -99 -99
533 0 0 -99 -99 -99 -99 -99
534 0 0 -99 -99 -99 -99 -99
535 0 0 -99 -99 -99 -99 -99
536 0 0 -99 -99 -99 -99 -99
537 0 0 -99 -99 -99 -99 -99
538 0 0 -99 -99 -99 -99 -99
539 0 0 -99 -99 -99 -99 -99
540 0 0 -99 -99 -99 -99 -99
541 0 0 -99 -99 -99 -99 -99
542 0 0 -99 -99 -99 -99 -99
543 0 0 -99 -99 -99 -99 -99
544 0 0 -99 -99 -99 -99 -99
545 0 0 -99 -99 -99 -99 -99
546 0 0 -99 -99 -99 -99 -99
547 0 0 -99 -99 -99 -99 -99
548 0 0 -99 -99 -99 -99 -99
549 0 0 -99 -99 -99 -99 -99
550 0 0 -99 -99 -99 -99 -99
551 0 0 -99 -99 -99 -99 -99
552 0 0 -99 -99 -99 -99 -99
553 0 0 -99 -99 -99 -99 -99
554 0 0 -99 -99 -99 -99 -99
555 0 0 -99 -99 -99 -99 -99
556 0 0 -99 -99 -99 -99 -99
557 0 0 -99 -99 -99 -99 -99
558 0 0 -99 -99 -99 -99 -99
559 0 0 -99 -99 -99 -99 -99
560 0 0 -99 -99 -99 -99 -99
561 0 0 -99 -99 -99 -99 -99
562 0 0 -99 -99 -99 -99 -99
563 0 0 -99 -99 -99 -99 -99
564 0 0 -99 -99 -99 -99 -99
565 0 0 -99 -99 -99 -99 -99
566 0 0 -99 -99 -99 -99 -99
567 0 0 -99 -99 -99 -99 -99
568 0 0 -99 -99 -99 -99 -99
569 0 0 -99 -99 -99 -99 -99
570 0 0 -99 -99 -99 -99 -99
571 0 0 -99 -99 -99 -99 -99
572 0 0 -99 -99 -99 -99 -99
573 0 0 -99 -99 -99 -99 -99
0       